Loc	Team	CNES	Req	Transf	New	Res	Surp	Def
[3106200022772]	eSF	1.0	0.00	0.0	0.0	1.0	0.9	0.0
[3106200022772]	eSB	0.0	0.00	0.0	0.0	0.0	0.0	0.1
[3106200022772]	eMulti	0.0	0.00	0.0	0.0	0.0	0.0	0.0
[3106200022772]	ACS	1.0	0.00	0.0	0.0	1.0	0.6	0.0
[3106200023388]	eSF	3.0	0.00	0.0	0.0	3.0	2.8	0.0
[3106200023388]	eSB	2.0	0.00	0.0	0.0	2.0	1.8	0.0
[3106200023388]	eMulti	0.0	0.00	0.0	0.0	0.0	0.0	0.0
[3106200023388]	ACS	12.0	1.00	0.0	0.0	12.0	11.2	0.0
[3106200024155]	eSF	4.0	0.00	0.0	0.0	4.0	3.7	0.0
[3106200024155]	eSB	2.0	0.00	0.0	0.0	2.0	1.7	0.0
[3106200024155]	eMulti	0.0	0.00	0.0	0.0	0.0	0.0	0.0
[3106200024155]	ACS	12.0	1.00	0.0	0.0	12.0	10.9	0.0
[3106200024139]	eSF	1.0	0.00	0.0	0.0	1.0	0.9	0.0
[3106200024139]	eSB	1.0	0.00	0.0	0.0	1.0	0.9	0.0
[3106200024139]	eMulti	1.0	0.00	0.0	0.0	1.0	1.0	0.0
[3106200024139]	ACS	3.0	0.00	0.0	0.0	3.0	2.6	0.0
[3106200024104]	eSF	4.0	0.00	0.0	0.0	4.0	3.8	0.0
[3106200024104]	eSB	2.0	0.00	0.0	0.0	2.0	1.8	0.0
[3106200024104]	eMulti	1.0	0.00	0.0	0.0	1.0	1.0	0.0
[3106200024104]	ACS	14.0	1.00	0.0	0.0	14.0	13.3	0.0
[3106200024147]	eSF	3.0	0.00	0.0	0.0	3.0	2.8	0.0
[3106200024147]	eSB	2.0	0.00	0.0	0.0	2.0	1.8	0.0
[3106200024147]	eMulti	0.0	0.00	0.0	0.0	0.0	0.0	0.0
[3106200024147]	ACS	11.0	1.00	0.0	0.0	11.0	10.4	0.0
[3106200022764]	eSF	3.0	0.00	0.0	0.0	3.0	3.0	0.0
[3106200022764]	eSB	2.0	0.00	0.0	0.0	2.0	2.0	0.0
[3106200022764]	eMulti	0.0	0.00	0.0	0.0	0.0	0.0	0.0
[3106200022764]	ACS	11.0	0.00	0.0	0.0	11.0	11.0	0.0
[3106200024120]	eSF	4.0	0.00	0.0	0.0	4.0	3.8	0.0
[3106200024120]	eSB	3.0	0.00	0.0	0.0	3.0	2.8	0.0
[3106200024120]	eMulti	1.0	0.00	0.0	0.0	1.0	1.0	0.0
[3106200024120]	ACS	15.0	1.00	0.0	0.0	15.0	14.4	0.0
[3106202695766]	eSF	3.0	0.00	0.0	0.0	3.0	2.6	0.0
[3106202695766]	eSB	1.0	0.00	0.0	0.0	1.0	0.6	0.0
[3106202695766]	eMulti	0.0	0.00	0.0	0.0	0.0	0.0	0.0
[3106202695766]	ACS	5.0	1.00	0.0	0.0	5.0	3.6	0.0
[3106207772106]	eSF	4.0	0.00	0.0	0.0	4.0	3.8	0.0
[3106207772106]	eSB	1.0	0.00	0.0	0.0	1.0	0.8	0.0
[3106207772106]	eMulti	1.0	0.00	0.0	0.0	1.0	1.0	0.0
[3106207772106]	ACS	13.0	1.00	0.0	0.0	13.0	12.4	0.0
[3106200024163]	eSF	2.0	0.00	0.0	0.0	2.0	1.9	0.0
[3106200024163]	eSB	1.0	0.00	0.0	0.0	1.0	0.9	0.0
[3106200024163]	eMulti	0.0	0.00	0.0	0.0	0.0	0.0	0.0
[3106200024163]	ACS	5.0	1.00	0.0	0.0	5.0	4.5	0.0
[3106200024090]	eSF	2.0	0.00	0.0	0.0	2.0	1.9	0.0
[3106200024090]	eSB	1.0	0.00	0.0	0.0	1.0	0.9	0.0
[3106200024090]	eMulti	0.0	0.00	0.0	0.0	0.0	0.0	0.0
[3106200024090]	ACS	3.0	0.00	0.0	0.0	3.0	2.6	0.0
[3106203002446]	eSF	5.0	0.00	0.0	0.0	5.0	4.9	0.0
[3106203002446]	eSB	2.0	0.00	0.0	0.0	2.0	1.9	0.0
[3106203002446]	eMulti	0.0	0.00	0.0	0.0	0.0	0.0	0.0
[3106203002446]	ACS	20.0	1.00	0.0	0.0	20.0	19.5	0.0
[3106200022918]	eSF	4.0	0.00	0.0	0.0	4.0	3.8	0.0
[3106200022918]	eSB	2.0	0.00	0.0	0.0	2.0	1.8	0.0
[3106200022918]	eMulti	0.0	0.00	0.0	0.0	0.0	0.0	0.0
[3106200022918]	ACS	17.0	1.00	0.0	0.0	17.0	16.3	0.0
[3106200022950]	eSF	5.0	0.00	0.0	0.0	5.0	4.8	0.0
[3106200022950]	eSB	2.0	0.00	0.0	0.0	2.0	1.8	0.0
[3106200022950]	eMulti	1.0	0.00	0.0	0.0	1.0	1.0	0.0
[3106200022950]	ACS	19.0	1.00	0.0	0.0	19.0	18.3	0.0
[3106200023000]	eSF	3.0	0.00	0.0	0.0	3.0	2.8	0.0
[3106200023000]	eSB	2.0	0.00	0.0	0.0	2.0	1.8	0.0
[3106200023000]	eMulti	0.0	0.00	0.0	0.0	0.0	0.0	0.0
[3106200023000]	ACS	10.0	1.00	0.0	0.0	10.0	9.1	0.0
[3106200022993]	eSF	6.0	0.00	0.0	0.0	6.0	5.8	0.0
[3106200022993]	eSB	3.0	0.00	0.0	0.0	3.0	2.8	0.0
[3106200022993]	eMulti	1.0	0.00	0.0	0.0	1.0	1.0	0.0
[3106200022993]	ACS	19.0	1.00	0.0	0.0	19.0	18.0	0.0
[3106200022934]	eSF	3.0	0.00	0.0	0.0	3.0	2.8	0.0
[3106200022934]	eSB	2.0	0.00	0.0	0.0	2.0	1.8	0.0
[3106200022934]	eMulti	0.0	0.00	0.0	0.0	0.0	0.0	0.0
[3106200022934]	ACS	11.0	1.00	0.0	0.0	11.0	10.1	0.0
[3106200022853]	eSF	4.0	0.00	0.0	0.0	4.0	4.0	0.0
[3106200022853]	eSB	2.0	0.00	0.0	0.0	2.0	2.0	0.0
[3106200022853]	eMulti	0.0	0.00	0.0	0.0	0.0	0.0	0.0
[3106200022853]	ACS	16.0	0.00	0.0	0.0	16.0	15.9	0.0
[3106200022861]	eSF	4.0	0.00	0.0	0.0	4.0	3.7	0.0
[3106200022861]	eSB	2.0	0.00	0.0	0.0	2.0	1.7	0.0
[3106200022861]	eMulti	1.0	0.00	0.0	0.0	1.0	1.0	0.0
[3106200022861]	ACS	18.0	1.00	0.0	0.0	18.0	16.9	0.0
[3106200022926]	eSF	4.0	0.00	0.0	0.0	4.0	3.9	0.0
[3106200022926]	eSB	2.0	0.00	0.0	0.0	2.0	1.9	0.0
[3106200022926]	eMulti	1.0	0.00	0.0	0.0	1.0	1.0	0.0
[3106200022926]	ACS	20.0	1.00	0.0	0.0	20.0	19.4	0.0
[3106200022969]	eSF	3.0	0.00	0.0	0.0	3.0	2.9	0.0
[3106200022969]	eSB	2.0	0.00	0.0	0.0	2.0	1.9	0.0
[3106200022969]	eMulti	0.0	0.00	0.0	0.0	0.0	0.0	0.0
[3106200022969]	ACS	12.0	0.00	0.0	0.0	12.0	11.5	0.0
[3106200022888]	eSF	4.0	0.00	0.0	0.0	4.0	3.8	0.0
[3106200022888]	eSB	2.0	0.00	0.0	0.0	2.0	1.8	0.0
[3106200022888]	eMulti	1.0	0.00	0.0	0.0	1.0	1.0	0.0
[3106200022888]	ACS	15.0	1.00	0.0	0.0	15.0	14.3	0.0
[3106200022845]	eSF	3.0	0.00	0.0	0.0	3.0	2.8	0.0
[3106200022845]	eSB	2.0	0.00	0.0	0.0	2.0	1.8	0.0
[3106200022845]	eMulti	1.0	0.00	0.0	0.0	1.0	1.0	0.0
[3106200022845]	ACS	10.0	1.00	0.0	0.0	10.0	9.3	0.0
[3106200022896]	eSF	5.0	0.00	0.0	0.0	5.0	4.9	0.0
[3106200022896]	eSB	2.0	0.00	0.0	0.0	2.0	1.9	0.0
[3106200022896]	eMulti	1.0	0.00	0.0	0.0	1.0	1.0	0.0
[3106200022896]	ACS	18.0	0.00	0.0	0.0	18.0	17.6	0.0
[3106200023183]	eSF	4.0	0.00	0.0	0.0	4.0	3.7	0.0
[3106200023183]	eSB	2.0	0.00	0.0	0.0	2.0	1.7	0.0
[3106200023183]	eMulti	1.0	0.00	0.0	0.0	1.0	1.0	0.0
[3106200023183]	ACS	17.0	1.00	0.0	0.0	17.0	15.9	0.0
[3106200023175]	eSF	4.0	0.00	0.0	0.0	4.0	3.8	0.0
[3106200023175]	eSB	2.0	0.00	0.0	0.0	2.0	1.8	0.0
[3106200023175]	eMulti	1.0	0.00	0.0	0.0	1.0	1.0	0.0
[3106200023175]	ACS	13.0	1.00	0.0	0.0	13.0	12.1	0.0
[3106200023191]	eSF	2.0	0.00	0.0	0.0	2.0	1.8	0.0
[3106200023191]	eSB	1.0	0.00	0.0	0.0	1.0	0.8	0.0
[3106200023191]	eMulti	0.0	0.00	0.0	0.0	0.0	0.0	0.0
[3106200023191]	ACS	7.0	1.00	0.0	0.0	7.0	6.1	0.0
[3106200023167]	eSF	4.0	0.00	0.0	0.0	4.0	3.8	0.0
[3106200023167]	eSB	2.0	0.00	0.0	0.0	2.0	1.8	0.0
[3106200023167]	eMulti	0.0	0.00	0.0	0.0	0.0	0.0	0.0
[3106200023167]	ACS	13.0	1.00	0.0	0.0	13.0	12.3	0.0
[3106202695731]	eSF	5.0	0.00	0.0	0.0	5.0	5.0	0.0
[3106202695731]	eSB	2.0	0.00	0.0	0.0	2.0	2.0	0.0
[3106202695731]	eMulti	0.0	0.00	0.0	0.0	0.0	0.0	0.0
[3106202695731]	ACS	21.0	0.00	0.0	0.0	21.0	20.9	0.0
[3106200023205]	eSF	5.0	0.00	0.0	0.0	5.0	4.8	0.0
[3106200023205]	eSB	2.0	0.00	0.0	0.0	2.0	1.8	0.0
[3106200023205]	eMulti	1.0	0.00	0.0	0.0	1.0	1.0	0.0
[3106200023205]	ACS	20.0	1.00	0.0	0.0	20.0	19.2	0.0
[3106200023108]	eSF	4.0	0.00	0.0	0.0	4.0	3.9	0.0
[3106200023108]	eSB	2.0	0.00	0.0	0.0	2.0	1.9	0.0
[3106200023108]	eMulti	1.0	0.00	0.0	0.0	1.0	1.0	0.0
[3106200023108]	ACS	16.0	1.00	0.0	0.0	16.0	15.4	0.0
[3106200023086]	eSF	4.0	0.00	0.0	0.0	4.0	3.9	0.0
[3106200023086]	eSB	2.0	0.00	0.0	0.0	2.0	1.9	0.0
[3106200023086]	eMulti	0.0	0.00	0.0	0.0	0.0	0.0	0.0
[3106200023086]	ACS	11.0	0.00	0.0	0.0	11.0	10.5	0.0
[3106200023868]	eSF	3.0	0.00	0.0	0.0	3.0	2.8	0.0
[3106200023868]	eSB	2.0	0.00	0.0	0.0	2.0	1.8	0.0
[3106200023868]	eMulti	0.0	0.00	0.0	0.0	0.0	0.0	0.0
[3106200023868]	ACS	12.0	1.00	0.0	0.0	12.0	11.2	0.0
[3106202695448]	eSF	3.0	0.00	0.0	0.0	3.0	2.8	0.0
[3106202695448]	eSB	2.0	0.00	0.0	0.0	2.0	1.8	0.0
[3106202695448]	eMulti	1.0	0.00	0.0	0.0	1.0	1.0	0.0
[3106202695448]	ACS	11.0	1.00	0.0	0.0	11.0	10.1	0.0
[3106200023906]	eSF	3.0	0.00	0.0	0.0	3.0	2.6	0.0
[3106200023906]	eSB	2.0	0.00	0.0	0.0	2.0	1.6	0.0
[3106200023906]	eMulti	1.0	0.00	0.0	0.0	1.0	1.0	0.0
[3106200023906]	ACS	11.0	1.00	0.0	0.0	11.0	9.5	0.0
[3106200023884]	eSF	3.0	0.00	0.0	0.0	3.0	2.9	0.0
[3106200023884]	eSB	2.0	0.00	0.0	0.0	2.0	1.9	0.0
[3106200023884]	eMulti	0.0	0.00	0.0	0.0	0.0	0.0	0.0
[3106200023884]	ACS	12.0	1.00	0.0	0.0	12.0	11.5	0.0
[3106202695774]	eSF	6.0	0.00	0.0	0.0	6.0	5.7	0.0
[3106202695774]	eSB	3.0	0.00	0.0	0.0	3.0	2.7	0.0
[3106202695774]	eMulti	1.0	0.00	0.0	0.0	1.0	1.0	0.0
[3106202695774]	ACS	19.0	1.00	0.0	0.0	19.0	17.8	0.0
[3106200023825]	eSF	3.0	0.00	0.0	0.0	3.0	2.7	0.0
[3106200023825]	eSB	2.0	0.00	0.0	0.0	2.0	1.7	0.0
[3106200023825]	eMulti	1.0	0.00	0.0	0.0	1.0	1.0	0.0
[3106200023825]	ACS	12.0	1.00	0.0	0.0	12.0	10.9	0.0
[3106200024015]	eSF	3.0	0.00	0.0	0.0	3.0	2.8	0.0
[3106200024015]	eSB	2.0	0.00	0.0	0.0	2.0	1.8	0.0
[3106200024015]	eMulti	0.0	0.00	0.0	0.0	0.0	0.0	0.0
[3106200024015]	ACS	11.0	1.00	0.0	0.0	11.0	10.3	0.0
[3106203451658]	eSF	5.0	0.00	0.0	0.0	5.0	4.8	0.0
[3106203451658]	eSB	3.0	0.00	0.0	0.0	3.0	2.8	0.0
[3106203451658]	eMulti	0.0	0.00	0.0	0.0	0.0	0.0	0.0
[3106203451658]	ACS	19.0	1.00	0.0	0.0	19.0	18.4	0.0
[3106202695464]	eSF	4.0	0.00	0.0	0.0	4.0	4.0	0.0
[3106202695464]	eSB	2.0	0.00	0.0	0.0	2.0	2.0	0.0
[3106202695464]	eMulti	1.0	0.00	0.0	0.0	1.0	1.0	0.0
[3106202695464]	ACS	15.0	0.00	0.0	0.0	15.0	14.9	0.0
[3106200023841]	eSF	4.0	0.00	0.0	0.0	4.0	3.9	0.0
[3106200023841]	eSB	2.0	0.00	0.0	0.0	2.0	1.9	0.0
[3106200023841]	eMulti	0.0	0.00	0.0	0.0	0.0	0.0	0.0
[3106200023841]	ACS	13.0	0.00	0.0	0.0	13.0	12.5	0.0
[3106200023914]	eSF	5.0	0.00	0.0	0.0	5.0	4.9	0.0
[3106200023914]	eSB	3.0	0.00	0.0	0.0	3.0	2.9	0.0
[3106200023914]	eMulti	0.0	0.00	0.0	0.0	0.0	0.0	0.0
[3106200023914]	ACS	19.0	1.00	0.0	0.0	19.0	18.4	0.0
[3106200023965]	eSF	5.0	0.00	0.0	0.0	5.0	4.8	0.0
[3106200023965]	eSB	3.0	0.00	0.0	0.0	3.0	2.8	0.0
[3106200023965]	eMulti	1.0	0.00	0.0	0.0	1.0	1.0	0.0
[3106200023965]	ACS	19.0	1.00	0.0	0.0	19.0	18.2	0.0
[3106200023957]	eSF	4.0	0.00	0.0	0.0	4.0	3.8	0.0
[3106200023957]	eSB	3.0	0.00	0.0	0.0	3.0	2.8	0.0
[3106200023957]	eMulti	1.0	0.00	0.0	0.0	1.0	1.0	0.0
[3106200023957]	ACS	13.0	1.00	0.0	0.0	13.0	12.4	0.0
[3106202695758]	eSF	6.0	0.00	0.0	0.0	6.0	5.9	0.0
[3106202695758]	eSB	3.0	0.00	0.0	0.0	3.0	2.9	0.0
[3106202695758]	eMulti	1.0	0.00	0.0	0.0	1.0	1.0	0.0
[3106202695758]	ACS	20.0	1.00	0.0	0.0	20.0	19.4	0.0
[3106200024171]	eSF	4.0	0.00	0.0	0.0	4.0	3.9	0.0
[3106200024171]	eSB	2.0	0.00	0.0	0.0	2.0	1.9	0.0
[3106200024171]	eMulti	0.0	0.00	0.0	0.0	0.0	0.0	0.0
[3106200024171]	ACS	13.0	0.00	0.0	0.0	13.0	12.5	0.0
[3106200555142]	eSF	5.0	0.00	0.0	0.0	5.0	4.8	0.0
[3106200555142]	eSB	3.0	0.00	0.0	0.0	3.0	2.8	0.0
[3106200555142]	eMulti	1.0	0.00	0.0	0.0	1.0	1.0	0.0
[3106200555142]	ACS	20.0	1.00	0.0	0.0	20.0	19.4	0.0
[3106202695499]	eSF	4.0	0.00	0.0	0.0	4.0	3.7	0.0
[3106202695499]	eSB	2.0	0.00	0.0	0.0	2.0	1.7	0.0
[3106202695499]	eMulti	1.0	0.00	0.0	0.0	1.0	1.0	0.0
[3106202695499]	ACS	13.0	1.00	0.0	0.0	13.0	11.7	0.0
[3106200023434]	eSF	3.0	0.00	0.0	0.0	3.0	3.0	0.0
[3106200023434]	eSB	2.0	0.00	0.0	0.0	2.0	2.0	0.0
[3106200023434]	eMulti	0.0	0.00	0.0	0.0	0.0	0.0	0.0
[3106200023434]	ACS	13.0	0.00	0.0	0.0	13.0	13.0	0.0
[3106200023760]	eSF	3.0	0.00	0.0	0.0	3.0	2.8	0.0
[3106200023760]	eSB	1.0	0.00	0.0	0.0	1.0	0.8	0.0
[3106200023760]	eMulti	0.0	0.00	0.0	0.0	0.0	0.0	0.0
[3106200023760]	ACS	12.0	1.00	0.0	0.0	12.0	11.2	0.0
[3106200023442]	eSF	5.0	0.00	0.0	0.0	5.0	4.9	0.0
[3106200023442]	eSB	2.0	0.00	0.0	0.0	2.0	1.9	0.0
[3106200023442]	eMulti	1.0	0.00	0.0	0.0	1.0	1.0	0.0
[3106200023442]	ACS	23.0	1.00	0.0	0.0	23.0	22.5	0.0
[3106200023736]	eSF	3.0	0.00	0.0	0.0	3.0	2.9	0.0
[3106200023736]	eSB	2.0	0.00	0.0	0.0	2.0	1.9	0.0
[3106200023736]	eMulti	0.0	0.00	0.0	0.0	0.0	0.0	0.0
[3106200023736]	ACS	11.0	0.00	0.0	0.0	11.0	10.7	0.0
[3106203286401]	eSF	3.0	0.00	0.0	0.0	3.0	2.8	0.0
[3106203286401]	eSB	2.0	0.00	0.0	0.0	2.0	1.8	0.0
[3106203286401]	eMulti	1.0	0.00	0.0	0.0	1.0	1.0	0.0
[3106203286401]	ACS	14.0	1.00	0.0	0.0	14.0	13.2	0.0
[3106200023396]	eSF	5.0	0.00	0.0	0.0	5.0	4.8	0.0
[3106200023396]	eSB	2.0	0.00	0.0	0.0	2.0	1.8	0.0
[3106200023396]	eMulti	1.0	0.00	0.0	0.0	1.0	1.0	0.0
[3106200023396]	ACS	19.0	1.00	0.0	0.0	19.0	18.3	0.0
[3106200023337]	eSF	4.0	0.00	0.0	0.0	4.0	3.8	0.0
[3106200023337]	eSB	2.0	0.00	0.0	0.0	2.0	1.8	0.0
[3106200023337]	eMulti	1.0	0.00	0.0	0.0	1.0	1.0	0.0
[3106200023337]	ACS	17.0	1.00	0.0	0.0	17.0	16.2	0.0
[3106203557472]	eSF	3.0	0.00	0.0	0.0	3.0	2.8	0.0
[3106203557472]	eSB	2.0	0.00	0.0	0.0	2.0	1.8	0.0
[3106203557472]	eMulti	1.0	0.00	0.0	0.0	1.0	1.0	0.0
[3106203557472]	ACS	11.0	1.00	0.0	0.0	11.0	10.3	0.0
[3106200023329]	eSF	6.0	0.00	0.0	0.0	6.0	5.9	0.0
[3106200023329]	eSB	3.0	0.00	0.0	0.0	3.0	2.9	0.0
[3106200023329]	eMulti	1.0	0.00	0.0	0.0	1.0	1.0	0.0
[3106200023329]	ACS	22.0	1.00	0.0	0.0	22.0	21.4	0.0
[3106200023418]	eSF	5.0	0.00	0.0	0.0	5.0	4.8	0.0
[3106200023418]	eSB	2.0	0.00	0.0	0.0	2.0	1.8	0.0
[3106200023418]	eMulti	0.0	0.00	0.0	0.0	0.0	0.0	0.0
[3106200023418]	ACS	16.0	1.00	0.0	0.0	16.0	15.3	0.0
[3106200023353]	eSF	5.0	0.00	0.0	0.0	5.0	4.9	0.0
[3106200023353]	eSB	2.0	0.00	0.0	0.0	2.0	1.9	0.0
[3106200023353]	eMulti	1.0	0.00	0.0	0.0	1.0	1.0	0.0
[3106200023353]	ACS	15.0	0.00	0.0	0.0	15.0	14.7	0.0
[3106200023469]	eSF	3.0	0.00	0.0	0.0	3.0	2.9	0.0
[3106200023469]	eSB	2.0	0.00	0.0	0.0	2.0	1.9	0.0
[3106200023469]	eMulti	0.0	0.00	0.0	0.0	0.0	0.0	0.0
[3106200023469]	ACS	13.0	0.00	0.0	0.0	13.0	12.5	0.0
[3106200023361]	eSF	3.0	0.00	0.0	0.0	3.0	2.8	0.0
[3106200023361]	eSB	2.0	0.00	0.0	0.0	2.0	1.8	0.0
[3106200023361]	eMulti	1.0	0.00	0.0	0.0	1.0	1.0	0.0
[3106200023361]	ACS	9.0	1.00	0.0	0.0	9.0	8.3	0.0
[3106200023930]	eSF	1.0	0.00	0.0	0.0	1.0	1.0	0.0
[3106200023930]	eSB	0.0	0.00	0.0	0.0	0.0	0.0	0.0
[3106200023930]	eMulti	0.0	0.00	0.0	0.0	0.0	0.0	0.0
[3106200023930]	ACS	4.0	0.00	0.0	0.0	4.0	4.0	0.0
[3106209077324]	eSF	2.0	0.00	0.0	0.0	2.0	1.9	0.0
[3106209077324]	eSB	1.0	0.00	0.0	0.0	1.0	0.9	0.0
[3106209077324]	eMulti	0.0	0.00	0.0	0.0	0.0	0.0	0.0
[3106209077324]	ACS	7.0	0.00	0.0	0.0	7.0	6.6	0.0
[3106202695472]	eSF	3.0	0.00	0.0	0.0	3.0	2.8	0.0
[3106202695472]	eSB	1.0	0.00	0.0	0.0	1.0	0.8	0.0
[3106202695472]	eMulti	1.0	0.00	0.0	0.0	1.0	1.0	0.0
[3106202695472]	ACS	12.0	1.00	0.0	0.0	12.0	11.3	0.0
[3106202695480]	eSF	3.0	0.00	0.0	0.0	3.0	2.8	0.0
[3106202695480]	eSB	2.0	0.00	0.0	0.0	2.0	1.8	0.0
[3106202695480]	eMulti	0.0	0.00	0.0	0.0	0.0	0.0	0.0
[3106202695480]	ACS	13.0	1.00	0.0	0.0	13.0	12.3	0.0
[3106200023345]	eSF	4.0	0.00	0.0	0.0	4.0	3.9	0.0
[3106200023345]	eSB	2.0	0.00	0.0	0.0	2.0	1.9	0.0
[3106200023345]	eMulti	0.0	0.00	0.0	0.0	0.0	0.0	0.0
[3106200023345]	ACS	14.0	0.00	0.0	0.0	14.0	13.6	0.0
[3106200023450]	eSF	4.0	0.00	0.0	0.0	4.0	3.9	0.0
[3106200023450]	eSB	2.0	0.00	0.0	0.0	2.0	1.9	0.0
[3106200023450]	eMulti	1.0	0.00	0.0	0.0	1.0	1.0	0.0
[3106200023450]	ACS	13.0	0.00	0.0	0.0	13.0	12.6	0.0
[3106200023426]	eSF	3.0	0.00	0.0	0.0	3.0	2.8	0.0
[3106200023426]	eSB	1.0	0.00	0.0	0.0	1.0	0.8	0.0
[3106200023426]	eMulti	1.0	0.00	0.0	0.0	1.0	1.0	0.0
[3106200023426]	ACS	10.0	1.00	0.0	0.0	10.0	9.3	0.0
[3106200023558]	eSF	4.0	0.00	0.0	0.0	4.0	3.8	0.0
[3106200023558]	eSB	2.0	0.00	0.0	0.0	2.0	1.8	0.0
[3106200023558]	eMulti	1.0	0.00	0.0	0.0	1.0	1.0	0.0
[3106200023558]	ACS	15.0	1.00	0.0	0.0	15.0	14.2	0.0
[3106200023531]	eSF	3.0	0.00	0.0	0.0	3.0	2.8	0.0
[3106200023531]	eSB	1.0	0.00	0.0	0.0	1.0	0.8	0.0
[3106200023531]	eMulti	1.0	0.00	0.0	0.0	1.0	1.0	0.0
[3106200023531]	ACS	14.0	1.00	0.0	0.0	14.0	13.2	0.0
[3106200023507]	eSF	2.0	0.00	0.0	0.0	2.0	1.9	0.0
[3106200023507]	eSB	1.0	0.00	0.0	0.0	1.0	0.9	0.0
[3106200023507]	eMulti	0.0	0.00	0.0	0.0	0.0	0.0	0.0
[3106200023507]	ACS	5.0	0.00	0.0	0.0	5.0	4.8	0.0
[3106200024023]	eSF	4.0	0.00	0.0	0.0	4.0	3.8	0.0
[3106200024023]	eSB	1.0	0.00	0.0	0.0	1.0	0.8	0.0
[3106200024023]	eMulti	0.0	0.00	0.0	0.0	0.0	0.0	0.0
[3106200024023]	ACS	14.0	1.00	0.0	0.0	14.0	13.1	0.0
[3106207995369]	eSF	4.0	0.00	0.0	0.0	4.0	4.0	0.0
[3106207995369]	eSB	2.0	0.00	0.0	0.0	2.0	2.0	0.0
[3106207995369]	eMulti	1.0	0.00	0.0	0.0	1.0	1.0	0.0
[3106207995369]	ACS	14.0	0.00	0.0	0.0	14.0	14.0	0.0
[3106200024007]	eSF	3.0	1.00	0.0	0.0	3.0	2.4	0.0
[3106200024007]	eSB	2.0	1.00	0.0	0.0	2.0	1.4	0.0
[3106200024007]	eMulti	1.0	0.00	0.0	0.0	1.0	0.9	0.0
[3106200024007]	ACS	8.0	2.00	0.0	0.0	8.0	5.8	0.0
[3106200023892]	eSF	4.0	0.00	0.0	0.0	4.0	3.8	0.0
[3106200023892]	eSB	2.0	0.00	0.0	0.0	2.0	1.8	0.0
[3106200023892]	eMulti	0.0	0.00	0.0	0.0	0.0	0.0	0.0
[3106200023892]	ACS	15.0	1.00	0.0	0.0	15.0	14.4	0.0
[3106202708310]	eSF	3.0	0.00	0.0	0.0	3.0	2.8	0.0
[3106202708310]	eSB	2.0	0.00	0.0	0.0	2.0	1.8	0.0
[3106202708310]	eMulti	0.0	0.00	0.0	0.0	0.0	0.0	0.0
[3106202708310]	ACS	11.0	1.00	0.0	0.0	11.0	10.4	0.0
[3106205618312]	eSF	2.0	0.00	0.0	0.0	2.0	1.8	0.0
[3106205618312]	eSB	1.0	0.00	0.0	0.0	1.0	0.8	0.0
[3106205618312]	eMulti	0.0	0.00	0.0	0.0	0.0	0.0	0.0
[3106205618312]	ACS	8.0	1.00	0.0	0.0	8.0	7.4	0.0
[3106200023477]	eSF	3.0	0.00	0.0	0.0	3.0	2.9	0.0
[3106200023477]	eSB	1.0	0.00	0.0	0.0	1.0	0.9	0.0
[3106200023477]	eMulti	0.0	0.00	0.0	0.0	0.0	0.0	0.0
[3106200023477]	ACS	10.0	0.00	0.0	0.0	10.0	9.6	0.0
[3106200023485]	eSF	4.0	0.00	0.0	0.0	4.0	3.9	0.0
[3106200023485]	eSB	3.0	0.00	0.0	0.0	3.0	2.9	0.0
[3106200023485]	eMulti	1.0	0.00	0.0	0.0	1.0	1.0	0.0
[3106200023485]	ACS	15.0	0.00	0.0	0.0	15.0	14.8	0.0
[3106200023493]	eSF	2.0	0.00	0.0	0.0	2.0	1.9	0.0
[3106200023493]	eSB	1.0	0.00	0.0	0.0	1.0	0.9	0.0
[3106200023493]	eMulti	0.0	0.00	0.0	0.0	0.0	0.0	0.0
[3106200023493]	ACS	9.0	1.00	0.0	0.0	9.0	8.4	0.0
[3106200022632]	eSF	5.0	0.00	0.0	0.0	5.0	4.8	0.0
[3106200022632]	eSB	2.0	0.00	0.0	0.0	2.0	1.8	0.0
[3106200022632]	eMulti	1.0	0.00	0.0	0.0	1.0	1.0	0.0
[3106200022632]	ACS	20.0	1.00	0.0	0.0	20.0	19.1	0.0
[3106200022624]	eSF	5.0	0.00	0.0	0.0	5.0	4.8	0.0
[3106200022624]	eSB	3.0	0.00	0.0	0.0	3.0	2.8	0.0
[3106200022624]	eMulti	0.0	0.00	0.0	0.0	0.0	0.0	0.0
[3106200022624]	ACS	20.0	1.00	0.0	0.0	20.0	19.3	0.0
[3106200022705]	eSF	4.0	0.00	0.0	0.0	4.0	3.8	0.0
[3106200022705]	eSB	2.0	0.00	0.0	0.0	2.0	1.8	0.0
[3106200022705]	eMulti	0.0	0.00	0.0	0.0	0.0	0.0	0.0
[3106200022705]	ACS	14.0	1.00	0.0	0.0	14.0	13.2	0.0
[3106200022713]	eSF	6.0	0.00	0.0	0.0	6.0	5.8	0.0
[3106200022713]	eSB	4.0	0.00	0.0	0.0	4.0	3.8	0.0
[3106200022713]	eMulti	1.0	0.00	0.0	0.0	1.0	1.0	0.0
[3106200022713]	ACS	23.0	1.00	0.0	0.0	23.0	22.3	0.0
[3106200022659]	eSF	5.0	0.00	0.0	0.0	5.0	4.8	0.0
[3106200022659]	eSB	3.0	0.00	0.0	0.0	3.0	2.8	0.0
[3106200022659]	eMulti	1.0	0.00	0.0	0.0	1.0	1.0	0.0
[3106200022659]	ACS	18.0	1.00	0.0	0.0	18.0	17.2	0.0
[3106200022640]	eSF	5.0	0.00	0.0	0.0	5.0	5.0	0.0
[3106200022640]	eSB	2.0	0.00	0.0	0.0	2.0	2.0	0.0
[3106200022640]	eMulti	0.0	0.00	0.0	0.0	0.0	0.0	0.0
[3106200022640]	ACS	16.0	0.00	0.0	0.0	16.0	16.0	0.0
[3106200022586]	eSF	5.0	0.00	0.0	0.0	5.0	4.8	0.0
[3106200022586]	eSB	3.0	0.00	0.0	0.0	3.0	2.8	0.0
[3106200022586]	eMulti	0.0	0.00	0.0	0.0	0.0	0.0	0.0
[3106200022586]	ACS	21.0	1.00	0.0	0.0	21.0	20.4	0.0
[3106200022594]	eSF	5.0	0.00	0.0	0.0	5.0	5.0	0.0
[3106200022594]	eSB	3.0	0.00	0.0	0.0	3.0	3.0	0.0
[3106200022594]	eMulti	1.0	0.00	0.0	0.0	1.0	1.0	0.0
[3106200022594]	ACS	20.0	0.00	0.0	0.0	20.0	20.0	0.0
[3106203232271]	eSF	4.0	0.00	0.0	0.0	4.0	3.8	0.0
[3106203232271]	eSB	2.0	0.00	0.0	0.0	2.0	1.8	0.0
[3106203232271]	eMulti	1.0	0.00	0.0	0.0	1.0	1.0	0.0
[3106203232271]	ACS	14.0	1.00	0.0	0.0	14.0	13.3	0.0
[3106200022608]	eSF	3.0	0.00	0.0	0.0	3.0	3.0	0.0
[3106200022608]	eSB	2.0	0.00	0.0	0.0	2.0	2.0	0.0
[3106200022608]	eMulti	0.0	0.00	0.0	0.0	0.0	0.0	0.0
[3106200022608]	ACS	10.0	0.00	0.0	0.0	10.0	9.9	0.0
[3106200022748]	eSF	5.0	0.00	0.0	0.0	5.0	4.8	0.0
[3106200022748]	eSB	3.0	0.00	0.0	0.0	3.0	2.8	0.0
[3106200022748]	eMulti	1.0	0.00	0.0	0.0	1.0	1.0	0.0
[3106200022748]	ACS	18.0	1.00	0.0	0.0	18.0	17.2	0.0
[3106200022551]	eSF	4.0	0.00	0.0	0.0	4.0	3.8	0.0
[3106200022551]	eSB	3.0	0.00	0.0	0.0	3.0	2.8	0.0
[3106200022551]	eMulti	1.0	0.00	0.0	0.0	1.0	1.0	0.0
[3106200022551]	ACS	16.0	1.00	0.0	0.0	16.0	15.0	0.0
[3106200022756]	eSF	3.0	0.00	0.0	0.0	3.0	2.9	0.0
[3106200022756]	eSB	2.0	0.00	0.0	0.0	2.0	1.9	0.0
[3106200022756]	eMulti	1.0	0.00	0.0	0.0	1.0	1.0	0.0
[3106200022756]	ACS	12.0	1.00	0.0	0.0	12.0	11.5	0.0
[3106203015998]	eSF	4.0	0.00	0.0	0.0	4.0	3.9	0.0
[3106203015998]	eSB	2.0	0.00	0.0	0.0	2.0	1.9	0.0
[3106203015998]	eMulti	1.0	0.00	0.0	0.0	1.0	1.0	0.0
[3106203015998]	ACS	19.0	1.00	0.0	0.0	19.0	18.5	0.0
[3106203008525]	eSF	4.0	0.00	0.0	0.0	4.0	3.8	0.0
[3106203008525]	eSB	2.0	0.00	0.0	0.0	2.0	1.8	0.0
[3106203008525]	eMulti	1.0	0.00	0.0	0.0	1.0	1.0	0.0
[3106203008525]	ACS	18.0	1.00	0.0	0.0	18.0	17.2	0.0
[3106200022543]	eSF	4.0	0.00	0.0	0.0	4.0	3.9	0.0
[3106200022543]	eSB	2.0	0.00	0.0	0.0	2.0	1.9	0.0
[3106200022543]	eMulti	0.0	0.00	0.0	0.0	0.0	0.0	0.0
[3106200022543]	ACS	16.0	0.00	0.0	0.0	16.0	15.6	0.0
[3106200022675]	eSF	3.0	0.00	0.0	0.0	3.0	2.9	0.0
[3106200022675]	eSB	2.0	0.00	0.0	0.0	2.0	1.9	0.0
[3106200022675]	eMulti	1.0	0.00	0.0	0.0	1.0	1.0	0.0
[3106200022675]	ACS	10.0	1.00	0.0	0.0	10.0	9.4	0.0
[3106200022578]	eSF	5.0	0.00	0.0	0.0	5.0	4.8	0.0
[3106200022578]	eSB	3.0	0.00	0.0	0.0	3.0	2.8	0.0
[3106200022578]	eMulti	0.0	0.00	0.0	0.0	0.0	0.0	0.0
[3106200022578]	ACS	20.0	1.00	0.0	0.0	20.0	19.2	0.0
[3106200022616]	eSF	4.0	0.00	0.0	0.0	4.0	3.9	0.0
[3106200022616]	eSB	2.0	0.00	0.0	0.0	2.0	1.9	0.0
[3106200022616]	eMulti	0.0	0.00	0.0	0.0	0.0	0.0	0.0
[3106200022616]	ACS	15.0	0.00	0.0	0.0	15.0	14.6	0.0
[3106200023124]	eSF	6.0	0.00	0.0	0.0	6.0	5.8	0.0
[3106200023124]	eSB	3.0	0.00	0.0	0.0	3.0	2.8	0.0
[3106200023124]	eMulti	1.0	0.00	0.0	0.0	1.0	1.0	0.0
[3106200023124]	ACS	19.0	1.00	0.0	0.0	19.0	18.1	0.0
[3106200023043]	eSF	3.0	0.00	0.0	0.0	3.0	2.8	0.0
[3106200023043]	eSB	1.0	0.00	0.0	0.0	1.0	0.8	0.0
[3106200023043]	eMulti	1.0	0.00	0.0	0.0	1.0	1.0	0.0
[3106200023043]	ACS	10.0	1.00	0.0	0.0	10.0	9.3	0.0
[3106200023078]	eSF	6.0	0.00	0.0	0.0	6.0	5.7	0.0
[3106200023078]	eSB	3.0	0.00	0.0	0.0	3.0	2.7	0.0
[3106200023078]	eMulti	1.0	0.00	0.0	0.0	1.0	1.0	0.0
[3106200023078]	ACS	22.0	1.00	0.0	0.0	22.0	20.8	0.0
[3106200023280]	eSF	4.0	0.00	0.0	0.0	4.0	3.8	0.0
[3106200023280]	eSB	2.0	0.00	0.0	0.0	2.0	1.8	0.0
[3106200023280]	eMulti	0.0	0.00	0.0	0.0	0.0	0.0	0.0
[3106200023280]	ACS	10.0	1.00	0.0	0.0	10.0	9.0	0.0
[3106200023035]	eSF	3.0	0.00	0.0	0.0	3.0	2.8	0.0
[3106200023035]	eSB	2.0	0.00	0.0	0.0	2.0	1.8	0.0
[3106200023035]	eMulti	0.0	0.00	0.0	0.0	0.0	0.0	0.0
[3106200023035]	ACS	12.0	1.00	0.0	0.0	12.0	11.2	0.0
[3106200023132]	eSF	3.0	0.00	0.0	0.0	3.0	2.8	0.0
[3106200023132]	eSB	1.0	0.00	0.0	0.0	1.0	0.8	0.0
[3106200023132]	eMulti	0.0	0.00	0.0	0.0	0.0	0.0	0.0
[3106200023132]	ACS	9.0	1.00	0.0	0.0	9.0	8.1	0.0
[3106202708302]	eSF	2.0	0.00	0.0	0.0	2.0	1.8	0.0
[3106202708302]	eSB	2.0	0.00	0.0	0.0	2.0	1.8	0.0
[3106202708302]	eMulti	0.0	0.00	0.0	0.0	0.0	0.0	0.0
[3106202708302]	ACS	7.0	1.00	0.0	0.0	7.0	6.2	0.0
[3106205432243]	eSF	3.0	0.00	0.0	0.0	3.0	2.8	0.0
[3106205432243]	eSB	2.0	0.00	0.0	0.0	2.0	1.8	0.0
[3106205432243]	eMulti	0.0	0.00	0.0	0.0	0.0	0.0	0.0
[3106205432243]	ACS	14.0	1.00	0.0	0.0	14.0	13.3	0.0
[3106200023116]	eSF	4.0	0.00	0.0	0.0	4.0	3.7	0.0
[3106200023116]	eSB	2.0	0.00	0.0	0.0	2.0	1.7	0.0
[3106200023116]	eMulti	1.0	0.00	0.0	0.0	1.0	1.0	0.0
[3106200023116]	ACS	16.0	1.00	0.0	0.0	16.0	14.7	0.0
[3106200023140]	eSF	5.0	0.00	0.0	0.0	5.0	4.9	0.0
[3106200023140]	eSB	2.0	0.00	0.0	0.0	2.0	1.9	0.0
[3106200023140]	eMulti	0.0	0.00	0.0	0.0	0.0	0.0	0.0
[3106200023140]	ACS	20.0	1.00	0.0	0.0	20.0	19.5	0.0
[3106200023094]	eSF	3.0	0.00	0.0	0.0	3.0	2.8	0.0
[3106200023094]	eSB	2.0	0.00	0.0	0.0	2.0	1.8	0.0
[3106200023094]	eMulti	1.0	0.00	0.0	0.0	1.0	1.0	0.0
[3106200023094]	ACS	11.0	1.00	0.0	0.0	11.0	10.3	0.0
[3106202820609]	eSF	3.0	0.00	0.0	0.0	3.0	2.9	0.0
[3106202820609]	eSB	2.0	0.00	0.0	0.0	2.0	1.9	0.0
[3106202820609]	eMulti	0.0	0.00	0.0	0.0	0.0	0.0	0.0
[3106202820609]	ACS	15.0	1.00	0.0	0.0	15.0	14.5	0.0
[3106204908732]	eSF	3.0	0.00	0.0	0.0	3.0	2.9	0.0
[3106204908732]	eSB	1.0	0.00	0.0	0.0	1.0	0.9	0.0
[3106204908732]	eMulti	1.0	0.00	0.0	0.0	1.0	1.0	0.0
[3106204908732]	ACS	11.0	1.00	0.0	0.0	11.0	10.4	0.0
[3106200023159]	eSF	5.0	0.00	0.0	0.0	5.0	4.9	0.0
[3106200023159]	eSB	2.0	0.00	0.0	0.0	2.0	1.9	0.0
[3106200023159]	eMulti	1.0	0.00	0.0	0.0	1.0	1.0	0.0
[3106200023159]	ACS	19.0	1.00	0.0	0.0	19.0	18.5	0.0
[3106200023787]	eSF	3.0	0.00	0.0	0.0	3.0	2.8	0.0
[3106200023787]	eSB	2.0	0.00	0.0	0.0	2.0	1.8	0.0
[3106200023787]	eMulti	1.0	0.00	0.0	0.0	1.0	1.0	0.0
[3106200023787]	ACS	13.0	1.00	0.0	0.0	13.0	12.2	0.0
[3106200023248]	eSF	3.0	0.00	0.0	0.0	3.0	2.8	0.0
[3106200023248]	eSB	2.0	0.00	0.0	0.0	2.0	1.8	0.0
[3106200023248]	eMulti	0.0	0.00	0.0	0.0	0.0	0.0	0.0
[3106200023248]	ACS	11.0	1.00	0.0	0.0	11.0	10.2	0.0
[3106205219175]	eSF	4.0	0.00	0.0	0.0	4.0	3.8	0.0
[3106205219175]	eSB	2.0	0.00	0.0	0.0	2.0	1.8	0.0
[3106205219175]	eMulti	1.0	0.00	0.0	0.0	1.0	1.0	0.0
[3106205219175]	ACS	15.0	1.00	0.0	0.0	15.0	14.1	0.0
[3106200023795]	eSF	4.0	0.00	0.0	0.0	4.0	3.7	0.0
[3106200023795]	eSB	2.0	0.00	0.0	0.0	2.0	1.7	0.0
[3106200023795]	eMulti	1.0	0.00	0.0	0.0	1.0	1.0	0.0
[3106200023795]	ACS	13.0	1.00	0.0	0.0	13.0	11.7	0.0
[3106200023256]	eSF	3.0	0.00	0.0	0.0	3.0	2.8	0.0
[3106200023256]	eSB	2.0	0.00	0.0	0.0	2.0	1.8	0.0
[3106200023256]	eMulti	0.0	0.00	0.0	0.0	0.0	0.0	0.0
[3106200023256]	ACS	10.0	1.00	0.0	0.0	10.0	9.2	0.0
[3106200023264]	eSF	3.0	0.00	0.0	0.0	3.0	2.9	0.0
[3106200023264]	eSB	2.0	0.00	0.0	0.0	2.0	1.9	0.0
[3106200023264]	eMulti	1.0	0.00	0.0	0.0	1.0	1.0	0.0
[3106200023264]	ACS	11.0	0.00	0.0	0.0	11.0	10.6	0.0
[3106202695456]	eSF	4.0	0.00	0.0	0.0	4.0	3.7	0.0
[3106202695456]	eSB	2.0	0.00	0.0	0.0	2.0	1.7	0.0
[3106202695456]	eMulti	1.0	0.00	0.0	0.0	1.0	1.0	0.0
[3106202695456]	ACS	13.0	1.00	0.0	0.0	13.0	11.8	0.0
[3106205866383]	eSF	4.0	0.00	0.0	0.0	4.0	3.8	0.0
[3106205866383]	eSB	2.0	0.00	0.0	0.0	2.0	1.8	0.0
[3106205866383]	eMulti	1.0	0.00	0.0	0.0	1.0	1.0	0.0
[3106205866383]	ACS	14.0	1.00	0.0	0.0	14.0	13.1	0.0
[3106200023728]	eSF	3.0	0.00	0.0	0.0	3.0	2.7	0.0
[3106200023728]	eSB	2.0	0.00	0.0	0.0	2.0	1.7	0.0
[3106200023728]	eMulti	1.0	0.00	0.0	0.0	1.0	1.0	0.0
[3106200023728]	ACS	11.0	1.00	0.0	0.0	11.0	10.0	0.0
[3106200023213]	eSF	4.0	0.00	0.0	0.0	4.0	3.8	0.0
[3106200023213]	eSB	2.0	0.00	0.0	0.0	2.0	1.8	0.0
[3106200023213]	eMulti	0.0	0.00	0.0	0.0	0.0	0.0	0.0
[3106200023213]	ACS	16.0	1.00	0.0	0.0	16.0	15.1	0.0
[3106200023817]	eSF	4.0	0.00	0.0	0.0	4.0	3.9	0.0
[3106200023817]	eSB	2.0	0.00	0.0	0.0	2.0	1.9	0.0
[3106200023817]	eMulti	0.0	0.00	0.0	0.0	0.0	0.0	0.0
[3106200023817]	ACS	16.0	0.00	0.0	0.0	16.0	15.6	0.0
[3106209166718]	eSF	4.0	0.00	0.0	0.0	4.0	3.6	0.0
[3106209166718]	eSB	2.0	0.00	0.0	0.0	2.0	1.6	0.0
[3106209166718]	eMulti	0.0	0.00	0.0	0.0	0.0	0.0	0.0
[3106209166718]	ACS	5.0	1.00	0.0	0.0	5.0	3.6	0.0
[3106200023701]	eSF	3.0	0.00	0.0	0.0	3.0	2.8	0.0
[3106200023701]	eSB	2.0	0.00	0.0	0.0	2.0	1.8	0.0
[3106200023701]	eMulti	1.0	0.00	0.0	0.0	1.0	1.0	0.0
[3106200023701]	ACS	10.0	1.00	0.0	0.0	10.0	9.2	0.0
[3106200023779]	eSF	4.0	0.00	0.0	0.0	4.0	4.0	0.0
[3106200023779]	eSB	2.0	0.00	0.0	0.0	2.0	2.0	0.0
[3106200023779]	eMulti	0.0	0.00	0.0	0.0	0.0	0.0	0.0
[3106200023779]	ACS	14.0	0.00	0.0	0.0	14.0	13.9	0.0
[3106202695421]	eSF	4.0	0.00	0.0	0.0	4.0	3.8	0.0
[3106202695421]	eSB	2.0	0.00	0.0	0.0	2.0	1.8	0.0
[3106202695421]	eMulti	0.0	0.00	0.0	0.0	0.0	0.0	0.0
[3106202695421]	ACS	16.0	1.00	0.0	0.0	16.0	15.2	0.0
[3106200023221]	eSF	4.0	0.00	0.0	0.0	4.0	3.9	0.0
[3106200023221]	eSB	2.0	0.00	0.0	0.0	2.0	1.9	0.0
[3106200023221]	eMulti	0.0	0.00	0.0	0.0	0.0	0.0	0.0
[3106200023221]	ACS	15.0	1.00	0.0	0.0	15.0	14.4	0.0
[3106200023515]	eSF	5.0	0.00	0.0	0.0	5.0	4.9	0.0
[3106200023515]	eSB	2.0	0.00	0.0	0.0	2.0	1.9	0.0
[3106200023515]	eMulti	1.0	0.00	0.0	0.0	1.0	1.0	0.0
[3106200023515]	ACS	19.0	1.00	0.0	0.0	19.0	18.4	0.0
[3106200023744]	eSF	6.0	0.00	0.0	0.0	6.0	5.7	0.0
[3106200023744]	eSB	3.0	0.00	0.0	0.0	3.0	2.7	0.0
[3106200023744]	eMulti	1.0	0.00	0.0	0.0	1.0	1.0	0.0
[3106200023744]	ACS	26.0	1.00	0.0	0.0	26.0	25.0	0.0
[3106200023655]	eSF	6.0	0.00	0.0	0.0	6.0	5.7	0.0
[3106200023655]	eSB	3.0	0.00	0.0	0.0	3.0	2.7	0.0
[3106200023655]	eMulti	1.0	0.00	0.0	0.0	1.0	1.0	0.0
[3106200023655]	ACS	23.0	1.00	0.0	0.0	23.0	21.9	0.0
[3106209166793]	eSF	3.0	0.00	0.0	0.0	3.0	2.9	0.0
[3106209166793]	eSB	2.0	0.00	0.0	0.0	2.0	1.9	0.0
[3106209166793]	eMulti	0.0	0.00	0.0	0.0	0.0	0.0	0.0
[3106209166793]	ACS	11.0	1.00	0.0	0.0	11.0	10.5	0.0
[3106200023671]	eSF	5.0	0.00	0.0	0.0	5.0	4.6	0.0
[3106200023671]	eSB	2.0	0.00	0.0	0.0	2.0	1.6	0.0
[3106200023671]	eMulti	1.0	0.00	0.0	0.0	1.0	1.0	0.0
[3106200023671]	ACS	17.0	2.00	0.0	0.0	17.0	15.4	0.0
[3106203411451]	eSF	5.0	0.00	0.0	0.0	5.0	4.8	0.0
[3106203411451]	eSB	2.0	0.00	0.0	0.0	2.0	1.8	0.0
[3106203411451]	eMulti	1.0	0.00	0.0	0.0	1.0	1.0	0.0
[3106203411451]	ACS	17.0	1.00	0.0	0.0	17.0	16.1	0.0
[3106200023604]	eSF	5.0	0.00	0.0	0.0	5.0	4.8	0.0
[3106200023604]	eSB	3.0	0.00	0.0	0.0	3.0	2.8	0.0
[3106200023604]	eMulti	1.0	0.00	0.0	0.0	1.0	1.0	0.0
[3106200023604]	ACS	20.0	1.00	0.0	0.0	20.0	19.2	0.0
[3106200023639]	eSF	4.0	0.00	0.0	0.0	4.0	4.0	0.0
[3106200023639]	eSB	3.0	0.00	0.0	0.0	3.0	3.0	0.0
[3106200023639]	eMulti	0.0	0.00	0.0	0.0	0.0	0.0	0.0
[3106200023639]	ACS	16.0	0.00	0.0	0.0	16.0	16.0	0.0
[3106200023663]	eSF	5.0	0.00	0.0	0.0	5.0	4.8	0.0
[3106200023663]	eSB	3.0	0.00	0.0	0.0	3.0	2.8	0.0
[3106200023663]	eMulti	1.0	0.00	0.0	0.0	1.0	1.0	0.0
[3106200023663]	ACS	20.0	1.00	0.0	0.0	20.0	19.0	0.0
[3106200023574]	eSF	5.0	0.00	0.0	0.0	5.0	4.9	0.0
[3106200023574]	eSB	3.0	0.00	0.0	0.0	3.0	2.9	0.0
[3106200023574]	eMulti	0.0	0.00	0.0	0.0	0.0	0.0	0.0
[3106200023574]	ACS	19.0	0.00	0.0	0.0	19.0	18.6	0.0
[3106200023647]	eSF	5.0	0.00	0.0	0.0	5.0	4.9	0.0
[3106200023647]	eSB	3.0	0.00	0.0	0.0	3.0	2.9	0.0
[3106200023647]	eMulti	1.0	0.00	0.0	0.0	1.0	1.0	0.0
[3106200023647]	ACS	21.0	1.00	0.0	0.0	21.0	20.4	0.0
[3106206368379]	eSF	3.0	0.00	0.0	0.0	3.0	2.8	0.0
[3106206368379]	eSB	2.0	0.00	0.0	0.0	2.0	1.8	0.0
[3106206368379]	eMulti	1.0	0.00	0.0	0.0	1.0	1.0	0.0
[3106206368379]	ACS	13.0	1.00	0.0	0.0	13.0	12.2	0.0
[3106200023620]	eSF	7.0	0.00	0.0	0.0	7.0	6.9	0.0
[3106200023620]	eSB	3.0	0.00	0.0	0.0	3.0	2.9	0.0
[3106200023620]	eMulti	1.0	0.00	0.0	0.0	1.0	1.0	0.0
[3106200023620]	ACS	25.0	0.00	0.0	0.0	25.0	24.6	0.0
[3106200023698]	eSF	6.0	0.00	0.0	0.0	6.0	5.8	0.0
[3106200023698]	eSB	3.0	0.00	0.0	0.0	3.0	2.8	0.0
[3106200023698]	eMulti	1.0	0.00	0.0	0.0	1.0	1.0	0.0
[3106200023698]	ACS	20.0	1.00	0.0	0.0	20.0	19.1	0.0
[3106200023019]	eSF	3.0	0.00	0.0	0.0	3.0	3.0	0.0
[3106200023019]	eSB	1.0	0.00	0.0	0.0	1.0	1.0	0.0
[3106200023019]	eMulti	0.0	0.00	0.0	0.0	0.0	0.0	0.0
[3106200023019]	ACS	5.0	0.00	0.0	0.0	5.0	4.9	0.0
[3106200023612]	eSF	5.0	0.00	0.0	0.0	5.0	4.9	0.0
[3106200023612]	eSB	3.0	0.00	0.0	0.0	3.0	2.9	0.0
[3106200023612]	eMulti	1.0	0.00	0.0	0.0	1.0	1.0	0.0
[3106200023612]	ACS	19.0	0.00	0.0	0.0	19.0	18.6	0.0
[3106205471532]	eSF	5.0	1.00	0.0	0.0	5.0	4.5	0.0
[3106205471532]	eSB	2.0	1.00	0.0	0.0	2.0	1.5	0.0
[3106205471532]	eMulti	1.0	0.00	0.0	0.0	1.0	0.9	0.0
[3106205471532]	ACS	21.0	2.00	0.0	0.0	21.0	18.9	0.0
[3106200023590]	eSF	5.0	0.00	0.0	0.0	5.0	4.9	0.0
[3106200023590]	eSB	3.0	0.00	0.0	0.0	3.0	2.9	0.0
[3106200023590]	eMulti	0.0	0.00	0.0	0.0	0.0	0.0	0.0
[3106200023590]	ACS	18.0	0.00	0.0	0.0	18.0	17.6	0.0
[3106203426637]	eSF	5.0	0.00	0.0	0.0	5.0	4.9	0.0
[3106203426637]	eSB	2.0	0.00	0.0	0.0	2.0	1.9	0.0
[3106203426637]	eMulti	1.0	0.00	0.0	0.0	1.0	1.0	0.0
[3106203426637]	ACS	19.0	0.00	0.0	0.0	19.0	18.5	0.0
