Loc	Team	CNES	Req	Transf	New	Res	Surp	Def
[3118602190990]	eSF	3.0	2.98	-1.0	0.0	2.0	0.0	1.0
[3118602190990]	eSB	2.0	2.98	0.0	0.0	2.0	0.0	1.0
[3118602190990]	eMulti	0.0	0.36	0.0	0.0	0.0	0.0	0.4
[3118602190990]	ACS	11.0	12.00	0.0	1.0	12.0	0.0	0.0
[3118602191229]	eSF	2.0	1.99	-1.0	0.0	1.0	0.0	1.0
[3118602191229]	eSB	1.0	1.99	0.0	0.0	1.0	0.0	1.0
[3118602191229]	eMulti	0.0	0.24	0.0	0.0	0.0	0.0	0.2
[3118602191229]	ACS	7.0	8.00	0.0	1.0	8.0	0.0	0.0
[3118602190591]	eSF	3.0	4.95	1.0	0.0	4.0	0.0	0.9
[3118602190591]	eSB	1.0	4.95	0.0	3.0	4.0	0.0	0.9
[3118602190591]	eMulti	1.0	0.60	0.0	0.0	1.0	0.4	0.0
[3118602190591]	ACS	13.0	19.95	0.0	6.0	19.0	0.0	0.9
[3118602190567]	eSF	1.0	1.99	0.0	0.0	1.0	0.0	1.0
[3118602190567]	eSB	0.0	1.99	0.0	1.0	1.0	0.0	1.0
[3118602190567]	eMulti	0.0	0.24	0.0	0.0	0.0	0.0	0.2
[3118602190567]	ACS	3.0	8.00	0.0	5.0	8.0	0.0	0.0
[3118602190532]	eSF	3.0	3.00	-1.0	0.0	2.0	0.0	1.0
[3118602190532]	eSB	2.0	3.00	0.0	0.0	2.0	0.0	1.0
[3118602190532]	eMulti	0.0	0.34	0.0	0.0	0.0	0.0	0.3
[3118602190532]	ACS	11.0	12.00	0.0	1.0	12.0	0.0	0.0
[3118602190494]	eSF	2.0	4.95	0.0	2.0	4.0	0.0	0.9
[3118602190494]	eSB	0.0	4.95	0.0	4.0	4.0	0.0	0.9
[3118602190494]	eMulti	0.0	0.59	0.0	0.0	0.0	0.0	0.6
[3118602190494]	ACS	5.0	19.89	0.0	14.0	19.0	0.0	0.9
[3118602190869]	eSF	1.0	3.00	1.0	0.0	2.0	0.0	1.0
[3118602190869]	eSB	0.0	3.00	0.0	2.0	2.0	0.0	1.0
[3118602190869]	eMulti	0.0	0.33	0.0	0.0	0.0	0.0	0.3
[3118602190869]	ACS	0.0	11.98	0.0	11.0	11.0	0.0	1.0
[3118602190605]	eSF	1.0	2.00	0.0	0.0	1.0	0.0	1.0
[3118602190605]	eSB	0.0	2.00	0.0	1.0	1.0	0.0	1.0
[3118602190605]	eMulti	0.0	0.22	0.0	0.0	0.0	0.0	0.2
[3118602190605]	ACS	10.0	8.00	-2.0	0.0	8.0	0.0	0.0
[3118602190109]	eSF	1.0	3.00	0.0	1.0	2.0	0.0	1.0
[3118602190109]	eSB	0.0	3.00	0.0	3.0	3.0	0.0	0.0
[3118602190109]	eMulti	0.0	0.35	0.0	0.0	0.0	0.0	0.3
[3118602190109]	ACS	0.0	12.00	0.0	12.0	12.0	0.0	0.0
[3118607116306]	eSF	2.0	3.00	0.0	0.0	2.0	0.0	1.0
[3118607116306]	eSB	0.0	3.00	0.0	2.0	2.0	0.0	1.0
[3118607116306]	eMulti	0.0	0.31	0.0	0.0	0.0	0.0	0.3
[3118607116306]	ACS	8.0	11.79	0.0	4.0	12.0	0.2	0.0
[3118602190931]	eSF	2.0	4.00	1.0	0.0	3.0	0.0	1.0
[3118602190931]	eSB	1.0	4.00	0.0	2.0	3.0	0.0	1.0
[3118602190931]	eMulti	1.0	0.41	0.0	0.0	1.0	0.6	0.0
[3118602190931]	ACS	10.0	15.72	0.0	5.0	15.0	0.0	0.7
[3118602190923]	eSF	6.0	4.00	-3.0	0.0	3.0	0.0	1.0
[3118602190923]	eSB	2.0	4.00	0.0	2.0	4.0	0.0	0.0
[3118602190923]	eMulti	1.0	0.43	0.0	0.0	1.0	0.6	0.0
[3118602190923]	ACS	19.0	15.79	0.0	1.0	20.0	4.2	0.0
[3118602190893]	eSF	5.0	4.00	-2.0	0.0	3.0	0.0	1.0
[3118602190893]	eSB	2.0	4.00	0.0	2.0	4.0	0.0	0.0
[3118602190893]	eMulti	0.0	0.41	0.0	0.0	0.0	0.0	0.4
[3118602190893]	ACS	11.0	15.72	0.0	6.0	17.0	1.3	0.0
[3118602190486]	eSF	4.0	4.00	-1.0	0.0	3.0	0.0	1.0
[3118602190486]	eSB	2.0	4.00	0.0	1.0	3.0	0.0	1.0
[3118602190486]	eMulti	1.0	0.41	0.0	0.0	1.0	0.6	0.0
[3118602190486]	ACS	14.0	15.72	0.0	1.0	15.0	0.0	0.7
[3118602190915]	eSF	2.0	4.00	1.0	0.0	3.0	0.0	1.0
[3118602190915]	eSB	0.0	4.00	0.0	3.0	3.0	0.0	1.0
[3118602190915]	eMulti	0.0	0.44	0.0	0.0	0.0	0.0	0.4
[3118602190915]	ACS	6.0	15.96	0.0	9.0	15.0	0.0	1.0
[3118602190222]	eSF	3.0	4.75	1.0	0.0	4.0	0.0	0.8
[3118602190222]	eSB	1.0	4.75	0.0	3.0	4.0	0.0	0.8
[3118602190222]	eMulti	1.0	0.55	0.0	0.0	1.0	0.5	0.0
[3118602190222]	ACS	8.0	19.00	0.0	10.0	18.0	0.0	1.0
[3118604696077]	eSF	3.0	2.78	-1.0	0.0	2.0	0.0	0.8
[3118604696077]	eSB	2.0	2.78	0.0	0.0	2.0	0.0	0.8
[3118604696077]	eMulti	0.0	0.29	0.0	0.0	0.0	0.0	0.3
[3118604696077]	ACS	8.0	11.00	0.0	3.0	11.0	0.0	0.0
[3118602191024]	eSF	1.0	2.98	1.0	0.0	2.0	0.0	1.0
[3118602191024]	eSB	0.0	2.98	0.0	2.0	2.0	0.0	1.0
[3118602191024]	eMulti	0.0	0.36	0.0	0.0	0.0	0.0	0.4
[3118602191024]	ACS	3.0	12.00	0.0	9.0	12.0	0.0	0.0
[3118602190478]	eSF	1.0	2.77	1.0	0.0	2.0	0.0	0.8
[3118602190478]	eSB	0.0	2.77	0.0	2.0	2.0	0.0	0.8
[3118602190478]	eMulti	0.0	0.31	0.0	0.0	0.0	0.0	0.3
[3118602190478]	ACS	3.0	11.00	0.0	8.0	11.0	0.0	0.0
[3118602190389]	eSF	2.0	4.54	2.0	0.0	4.0	0.0	0.5
[3118602190389]	eSB	0.0	4.54	0.0	4.0	4.0	0.0	0.5
[3118602190389]	eMulti	0.0	0.49	0.0	0.0	0.0	0.0	0.5
[3118602190389]	ACS	6.0	18.00	0.0	12.0	18.0	0.0	0.0
[3118607110316]	eSF	5.0	4.95	-1.0	0.0	4.0	0.0	1.0
[3118607110316]	eSB	2.0	4.95	0.0	2.0	4.0	0.0	1.0
[3118607110316]	eMulti	1.0	0.60	0.0	0.0	1.0	0.4	0.0
[3118607110316]	ACS	14.0	19.96	0.0	5.0	19.0	0.0	1.0
[3118602220261]	eSF	1.0	2.98	1.0	0.0	2.0	0.0	1.0
[3118602220261]	eSB	0.0	2.98	0.0	2.0	2.0	0.0	1.0
[3118602220261]	eMulti	0.0	0.36	0.0	0.0	0.0	0.0	0.4
[3118602220261]	ACS	3.0	12.00	0.0	9.0	12.0	0.0	0.0
[3118602190397]	eSF	1.0	2.00	0.0	0.0	1.0	0.0	1.0
[3118602190397]	eSB	0.0	2.00	0.0	1.0	1.0	0.0	1.0
[3118602190397]	eMulti	0.0	0.22	0.0	0.0	0.0	0.0	0.2
[3118602190397]	ACS	5.0	8.00	0.0	3.0	8.0	0.0	0.0
[3118602190176]	eSF	1.0	1.77	0.0	0.0	1.0	0.0	0.8
[3118602190176]	eSB	0.0	1.77	0.0	1.0	1.0	0.0	0.8
[3118602190176]	eMulti	0.0	0.19	0.0	0.0	0.0	0.0	0.2
[3118602190176]	ACS	3.0	7.00	0.0	4.0	7.0	0.0	0.0
[3118602191059]	eSF	4.0	5.00	0.0	0.0	4.0	0.0	1.0
[3118602191059]	eSB	4.0	5.00	0.0	1.0	5.0	0.0	0.0
[3118602191059]	eMulti	0.0	0.56	0.0	0.0	0.0	0.0	0.6
[3118602191059]	ACS	8.0	20.00	0.0	11.0	19.0	0.0	1.0
[3118602191040]	eSF	1.0	1.99	0.0	0.0	1.0	0.0	1.0
[3118602191040]	eSB	0.0	1.99	0.0	1.0	1.0	0.0	1.0
[3118602191040]	eMulti	0.0	0.24	0.0	0.0	0.0	0.0	0.2
[3118602191040]	ACS	3.0	8.00	0.0	5.0	8.0	0.0	0.0
[3118602190451]	eSF	2.0	4.63	0.0	2.0	4.0	0.0	0.6
[3118602190451]	eSB	1.0	4.63	0.0	3.0	4.0	0.0	0.6
[3118602190451]	eMulti	0.0	0.51	0.0	0.0	0.0	0.0	0.5
[3118602190451]	ACS	8.0	18.40	0.0	10.0	18.0	0.0	0.4
[3118602190206]	eSF	2.0	4.55	0.0	2.0	4.0	0.0	0.5
[3118602190206]	eSB	2.0	4.55	0.0	2.0	4.0	0.0	0.5
[3118602190206]	eMulti	0.0	0.49	0.0	0.0	0.0	0.0	0.5
[3118602190206]	ACS	4.0	18.00	0.0	13.0	17.0	0.0	1.0
[3118602190966]	eSF	1.0	2.00	0.0	0.0	1.0	0.0	1.0
[3118602190966]	eSB	0.0	2.00	0.0	1.0	1.0	0.0	1.0
[3118602190966]	eMulti	0.0	0.22	0.0	0.0	0.0	0.0	0.2
[3118602190966]	ACS	4.0	8.00	0.0	4.0	8.0	0.0	0.0
[3118602190400]	eSF	1.0	2.77	1.0	0.0	2.0	0.0	0.8
[3118602190400]	eSB	0.0	2.77	0.0	2.0	2.0	0.0	0.8
[3118602190400]	eMulti	0.0	0.30	0.0	0.0	0.0	0.0	0.3
[3118602190400]	ACS	5.0	11.00	0.0	6.0	11.0	0.0	0.0
[3118602190877]	eSF	2.0	3.00	0.0	0.0	2.0	0.0	1.0
[3118602190877]	eSB	1.0	3.00	0.0	1.0	2.0	0.0	1.0
[3118602190877]	eMulti	0.0	0.31	0.0	0.0	0.0	0.0	0.3
[3118602190877]	ACS	7.0	11.79	0.0	6.0	13.0	1.2	0.0
[3118602190826]	eSF	3.0	2.78	-1.0	0.0	2.0	0.0	0.8
[3118602190826]	eSB	1.0	2.78	0.0	1.0	2.0	0.0	0.8
[3118602190826]	eMulti	0.0	0.29	0.0	0.0	0.0	0.0	0.3
[3118602190826]	ACS	8.0	11.00	0.0	2.0	10.0	0.0	1.0
[3118602190729]	eSF	2.0	2.00	-1.0	0.0	1.0	0.0	1.0
[3118602190729]	eSB	0.0	2.00	0.0	1.0	1.0	0.0	1.0
[3118602190729]	eMulti	0.0	0.22	0.0	0.0	0.0	0.0	0.2
[3118602190729]	ACS	8.0	8.00	0.0	0.0	8.0	0.0	0.0
[3118602190656]	eSF	2.0	2.00	-1.0	0.0	1.0	0.0	1.0
[3118602190656]	eSB	2.0	2.00	0.0	0.0	2.0	0.0	0.0
[3118602190656]	eMulti	1.0	0.24	0.0	0.0	1.0	0.8	0.0
[3118602190656]	ACS	8.0	8.04	0.0	0.0	8.0	0.0	0.0
[3118602190834]	eSF	1.0	2.00	0.0	0.0	1.0	0.0	1.0
[3118602190834]	eSB	0.0	2.00	0.0	1.0	1.0	0.0	1.0
[3118602190834]	eMulti	0.0	0.23	0.0	0.0	0.0	0.0	0.2
[3118602190834]	ACS	0.0	8.01	0.0	8.0	8.0	0.0	0.0
[3118602190710]	eSF	1.0	2.00	0.0	0.0	1.0	0.0	1.0
[3118602190710]	eSB	0.0	2.00	0.0	1.0	1.0	0.0	1.0
[3118602190710]	eMulti	0.0	0.21	0.0	0.0	0.0	0.0	0.2
[3118602190710]	ACS	17.0	8.00	-9.0	0.0	8.0	0.0	0.0
[3118602190796]	eSF	1.0	2.00	0.0	0.0	1.0	0.0	1.0
[3118602190796]	eSB	0.0	2.00	0.0	1.0	1.0	0.0	1.0
[3118602190796]	eMulti	0.0	0.21	0.0	0.0	0.0	0.0	0.2
[3118602190796]	ACS	0.0	7.95	0.0	7.0	7.0	0.0	1.0
[3118602190648]	eSF	1.0	2.00	0.0	0.0	1.0	0.0	1.0
[3118602190648]	eSB	0.0	2.00	0.0	1.0	1.0	0.0	1.0
[3118602190648]	eMulti	0.0	0.21	0.0	0.0	0.0	0.0	0.2
[3118602190648]	ACS	5.0	8.00	1.0	2.0	8.0	0.0	0.0
[3118602190818]	eSF	3.0	2.00	-2.0	0.0	1.0	0.0	1.0
[3118602190818]	eSB	0.0	2.00	0.0	2.0	2.0	0.0	0.0
[3118602190818]	eMulti	0.0	0.23	0.0	0.0	0.0	0.0	0.2
[3118602190818]	ACS	6.0	8.01	1.0	3.0	10.0	2.0	0.0
[3118602190885]	eSF	3.0	4.57	1.0	0.0	4.0	0.0	0.6
[3118602190885]	eSB	1.0	4.57	0.0	3.0	4.0	0.0	0.6
[3118602190885]	eMulti	0.0	0.49	0.0	0.0	0.0	0.0	0.5
[3118602190885]	ACS	8.0	18.11	1.0	9.0	18.0	0.0	0.1
[3118607053355]	eSF	1.0	4.55	0.0	3.0	4.0	0.0	0.5
[3118607053355]	eSB	0.0	4.55	0.0	4.0	4.0	0.0	0.5
[3118607053355]	eMulti	0.0	0.49	0.0	0.0	0.0	0.0	0.5
[3118607053355]	ACS	4.0	18.00	0.0	14.0	18.0	0.0	0.0
[3118602190192]	eSF	1.0	1.98	0.0	0.0	1.0	0.0	1.0
[3118602190192]	eSB	0.0	1.98	0.0	1.0	1.0	0.0	1.0
[3118602190192]	eMulti	0.0	0.24	0.0	0.0	0.0	0.0	0.2
[3118602190192]	ACS	2.0	7.98	0.0	6.0	8.0	0.0	0.0
[3118602190214]	eSF	2.0	2.97	0.0	0.0	2.0	0.0	1.0
[3118602190214]	eSB	1.0	2.97	0.0	1.0	2.0	0.0	1.0
[3118602190214]	eMulti	0.0	0.36	0.0	0.0	0.0	0.0	0.4
[3118602190214]	ACS	6.0	11.97	0.0	6.0	12.0	0.0	0.0
[3118602190680]	eSF	3.0	3.96	0.0	0.0	3.0	0.0	1.0
[3118602190680]	eSB	2.0	3.96	0.0	1.0	3.0	0.0	1.0
[3118602190680]	eMulti	0.0	0.48	0.0	0.0	0.0	0.0	0.5
[3118602190680]	ACS	8.0	15.96	0.0	8.0	16.0	0.0	0.0
[3118602190753]	eSF	1.0	2.93	1.0	0.0	2.0	0.0	0.9
[3118602190753]	eSB	0.0	2.93	0.0	2.0	2.0	0.0	0.9
[3118602190753]	eMulti	0.0	0.35	0.0	0.0	0.0	0.0	0.3
[3118602190753]	ACS	0.0	11.76	0.0	11.0	11.0	0.0	0.8
[3118602190141]	eSF	1.0	1.98	0.0	0.0	1.0	0.0	1.0
[3118602190141]	eSB	0.0	1.98	0.0	1.0	1.0	0.0	1.0
[3118602190141]	eMulti	0.0	0.24	0.0	0.0	0.0	0.0	0.2
[3118602190141]	ACS	3.0	7.98	0.0	5.0	8.0	0.0	0.0
[3118602220245]	eSF	2.0	4.95	2.0	0.0	4.0	0.0	0.9
[3118602220245]	eSB	1.0	4.95	0.0	3.0	4.0	0.0	0.9
[3118602220245]	eMulti	0.0	0.60	0.0	0.0	0.0	0.0	0.6
[3118602220245]	ACS	8.0	19.95	0.0	11.0	19.0	0.0	0.9
[3118602190788]	eSF	1.0	2.77	1.0	0.0	2.0	0.0	0.8
[3118602190788]	eSB	1.0	2.77	0.0	1.0	2.0	0.0	0.8
[3118602190788]	eMulti	0.0	0.31	0.0	0.0	0.0	0.0	0.3
[3118602190788]	ACS	5.0	11.00	0.0	6.0	11.0	0.0	0.0
[CLU_2943]*	eSF	0.0	1.00	0.0	0.0	0.0	0.0	1.0
[CLU_2943]*	eSB	0.0	1.00	0.0	1.0	1.0	0.0	0.0
[CLU_2943]*	eMulti	0.0	0.12	0.0	0.0	0.0	0.0	0.1
[CLU_2943]*	ACS	0.0	4.03	0.0	4.0	4.0	0.0	0.0
[CLU_2961]*	eSF	0.0	1.00	0.0	0.0	0.0	0.0	1.0
[CLU_2961]*	eSB	0.0	1.00	0.0	0.0	0.0	0.0	1.0
[CLU_2961]*	eMulti	0.0	0.12	0.0	0.0	0.0	0.0	0.1
[CLU_2961]*	ACS	0.0	4.00	1.0	2.0	3.0	0.0	1.0
[CLU_2970]*	eSF	0.0	1.00	0.0	0.0	0.0	0.0	1.0
[CLU_2970]*	eSB	0.0	1.00	0.0	1.0	1.0	0.0	0.0
[CLU_2970]*	eMulti	0.0	0.11	0.0	0.0	0.0	0.0	0.1
[CLU_2970]*	ACS	0.0	4.00	1.0	2.0	3.0	0.0	1.0
[CLU_2971]*	eSF	0.0	0.99	0.0	0.0	0.0	0.0	1.0
[CLU_2971]*	eSB	0.0	0.99	0.0	0.0	0.0	0.0	1.0
[CLU_2971]*	eMulti	0.0	0.12	0.0	0.0	0.0	0.0	0.1
[CLU_2971]*	ACS	0.0	4.00	0.0	4.0	4.0	0.0	0.0
[CLU_3051]*	eSF	0.0	0.87	0.0	0.0	0.0	0.0	0.9
[CLU_3051]*	eSB	0.0	0.87	0.0	0.0	0.0	0.0	0.9
[CLU_3051]*	eMulti	0.0	0.09	0.0	0.0	0.0	0.0	0.1
[CLU_3051]*	ACS	0.0	3.42	0.0	3.0	3.0	0.0	0.4
[CLU_3055]*	eSF	0.0	1.00	0.0	0.0	0.0	0.0	1.0
[CLU_3055]*	eSB	0.0	1.00	0.0	1.0	1.0	0.0	0.0
[CLU_3055]*	eMulti	0.0	0.11	0.0	0.0	0.0	0.0	0.1
[CLU_3055]*	ACS	0.0	4.00	0.0	4.0	4.0	0.0	0.0
[CLU_3060]*	eSF	0.0	0.99	0.0	0.0	0.0	0.0	1.0
[CLU_3060]*	eSB	0.0	0.99	0.0	0.0	0.0	0.0	1.0
[CLU_3060]*	eMulti	0.0	0.12	0.0	0.0	0.0	0.0	0.1
[CLU_3060]*	ACS	0.0	4.00	1.0	3.0	4.0	0.0	0.0
[CLU_3084]*	eSF	0.0	1.00	0.0	0.0	0.0	0.0	1.0
[CLU_3084]*	eSB	0.0	1.00	0.0	1.0	1.0	0.0	0.0
[CLU_3084]*	eMulti	0.0	0.11	0.0	0.0	0.0	0.0	0.1
[CLU_3084]*	ACS	0.0	4.00	0.0	4.0	4.0	0.0	0.0
[CLU_3086]*	eSF	0.0	1.00	0.0	0.0	0.0	0.0	1.0
[CLU_3086]*	eSB	0.0	1.00	0.0	0.0	0.0	0.0	1.0
[CLU_3086]*	eMulti	0.0	0.12	0.0	0.0	0.0	0.0	0.1
[CLU_3086]*	ACS	0.0	4.02	1.0	3.0	4.0	0.0	0.0
[CLU_3087]*	eSF	0.0	1.00	0.0	0.0	0.0	0.0	1.0
[CLU_3087]*	eSB	0.0	1.00	0.0	1.0	1.0	0.0	0.0
[CLU_3087]*	eMulti	0.0	0.12	0.0	0.0	0.0	0.0	0.1
[CLU_3087]*	ACS	0.0	4.02	1.0	3.0	4.0	0.0	0.0
[CLU_3098]*	eSF	0.0	1.00	0.0	0.0	0.0	0.0	1.0
[CLU_3098]*	eSB	0.0	1.00	0.0	1.0	1.0	0.0	0.0
[CLU_3098]*	eMulti	0.0	0.11	0.0	0.0	0.0	0.0	0.1
[CLU_3098]*	ACS	0.0	4.01	1.0	3.0	4.0	0.0	0.0
[CLU_3108]*	eSF	0.0	1.00	0.0	0.0	0.0	0.0	1.0
[CLU_3108]*	eSB	0.0	1.00	0.0	1.0	1.0	0.0	0.0
[CLU_3108]*	eMulti	0.0	0.11	0.0	0.0	0.0	0.0	0.1
[CLU_3108]*	ACS	0.0	4.00	1.0	3.0	4.0	0.0	0.0
[CLU_3121]*	eSF	0.0	0.99	0.0	0.0	0.0	0.0	1.0
[CLU_3121]*	eSB	0.0	0.99	0.0	0.0	0.0	0.0	1.0
[CLU_3121]*	eMulti	0.0	0.12	0.0	0.0	0.0	0.0	0.1
[CLU_3121]*	ACS	0.0	4.00	0.0	4.0	4.0	0.0	0.0
[CLU_3128]*	eSF	0.0	0.99	0.0	0.0	0.0	0.0	1.0
[CLU_3128]*	eSB	0.0	0.99	0.0	0.0	0.0	0.0	1.0
[CLU_3128]*	eMulti	0.0	0.12	0.0	0.0	0.0	0.0	0.1
[CLU_3128]*	ACS	0.0	3.99	0.0	4.0	4.0	0.0	0.0
[CLU_3141]*	eSF	0.0	0.99	0.0	0.0	0.0	0.0	1.0
[CLU_3141]*	eSB	0.0	0.99	0.0	0.0	0.0	0.0	1.0
[CLU_3141]*	eMulti	0.0	0.12	0.0	0.0	0.0	0.0	0.1
[CLU_3141]*	ACS	0.0	3.99	0.0	4.0	4.0	0.0	0.0
[CLU_3143]*	eSF	0.0	0.99	0.0	0.0	0.0	0.0	1.0
[CLU_3143]*	eSB	0.0	0.99	0.0	0.0	0.0	0.0	1.0
[CLU_3143]*	eMulti	0.0	0.12	0.0	0.0	0.0	0.0	0.1
[CLU_3143]*	ACS	0.0	4.00	0.0	4.0	4.0	0.0	0.0
[CLU_3160]*	eSF	0.0	0.99	0.0	0.0	0.0	0.0	1.0
[CLU_3160]*	eSB	0.0	0.99	0.0	0.0	0.0	0.0	1.0
[CLU_3160]*	eMulti	0.0	0.12	0.0	0.0	0.0	0.0	0.1
[CLU_3160]*	ACS	0.0	3.99	0.0	4.0	4.0	0.0	0.0
[CLU_3166]*	eSF	0.0	1.00	0.0	0.0	0.0	0.0	1.0
[CLU_3166]*	eSB	0.0	1.00	0.0	1.0	1.0	0.0	0.0
[CLU_3166]*	eMulti	0.0	0.12	0.0	0.0	0.0	0.0	0.1
[CLU_3166]*	ACS	0.0	4.03	0.0	4.0	4.0	0.0	0.0
[CLU_3176]*	eSF	0.0	1.00	0.0	0.0	0.0	0.0	1.0
[CLU_3176]*	eSB	0.0	1.00	0.0	1.0	1.0	0.0	0.0
[CLU_3176]*	eMulti	0.0	0.12	0.0	0.0	0.0	0.0	0.1
[CLU_3176]*	ACS	0.0	4.03	0.0	4.0	4.0	0.0	0.0
[CLU_3200]*	eSF	0.0	1.00	0.0	0.0	0.0	0.0	1.0
[CLU_3200]*	eSB	0.0	1.00	0.0	1.0	1.0	0.0	0.0
[CLU_3200]*	eMulti	0.0	0.12	0.0	0.0	0.0	0.0	0.1
[CLU_3200]*	ACS	0.0	4.03	0.0	4.0	4.0	0.0	0.0
[CLU_3214]*	eSF	0.0	1.00	0.0	0.0	0.0	0.0	1.0
[CLU_3214]*	eSB	0.0	1.00	0.0	1.0	1.0	0.0	0.0
[CLU_3214]*	eMulti	0.0	0.12	0.0	0.0	0.0	0.0	0.1
[CLU_3214]*	ACS	0.0	4.03	0.0	4.0	4.0	0.0	0.0
[CLU_7923]*	eSF	0.0	1.00	0.0	0.0	0.0	0.0	1.0
[CLU_7923]*	eSB	0.0	1.00	0.0	0.0	0.0	0.0	1.0
[CLU_7923]*	eMulti	0.0	0.10	0.0	0.0	0.0	0.0	0.1
[CLU_7923]*	ACS	0.0	3.97	1.0	2.0	3.0	0.0	1.0
