#############################################################################
# Project CNPq: Increasing PHC with team sizing
# Author: João Flávio de Freitas Almeida <joao.flavio@dep.ufmg.br>
# LEPOINT: Laboratório de Estudos em Planejamento de Operações Integradas
# Departamento de Engenharia de Produção
# Universidade Federal de Minas Gerais - Escola de Engenharia
#############################################################################
# Health Care Facility Location Problem: Considering fixed facilities,
# choose intermediate facilities according a criteria that improve service
# quality. Consider health care teams.
#############################################################################
# glpsol -m aps.mod -d LS.dat --cuts

#############################################################################
# DADOS REFERENTES AO MUNICIPIO DE: 
# Lagoa Santa 
#############################################################################
data;
param BUDGET := 164300000; # Overall budget constraint ($/year)
param I_L1 := 3818078;
param: K: Dmax :=
1         5000 # PHC: Primary health care (basic care)
2         30000 # SHC: Secondary health care (intermediate care)
3         35000 # THC: Tertiary health care (hospital care)
;
set L[2] := SHC1;
set L[3] := THC1;
# Basic health care units teams (PHC)
set E[1] :=
eSF
eSB
eMulti
;

# Intermediate health care units teams (SHC)
set E[2] :=
EQ2
;

set E[3] :=
EQ3
;

set EL[1] := 
313760105000013
313760105000076
313760105000102
313760105000125
313760105000132
313760105000135
313760105000139
313760105000168
313760105000186
313760105000201
313760105000235
313760105000239
313760105000259
313760105000264
;

set EL[2] := SHC1;
set EL[3] := THC1;
# of type p at demand point i and 
# vulnerability V (the higher vulnerability, the worse)
# id_setor	populacao	IVS
param: I:       W   IVS:=	
313760105000002 253 0.4225458752956011 
313760105000003 332 0.4373841946857433 
313760105000005 502 0.46096892975586123 
313760105000007 312 0.4571510167363717 
313760105000008 505 0.4225636307421007 
313760105000009 426 0.42659344552537154 
313760105000010 294 0.4006312077430466 
313760105000011 305 0.41336168602019885 
313760105000012 543 0.40939244670324937 
313760105000013 620 0.4053143154889466 
313760105000015 607 0.4198983485535494 
313760105000016 139 0.4336262167137329 
313760105000020 380 0.4256229339863687 
313760105000021 280 0.4407899440785491 
313760105000022 245 0.4141923204963745 
313760105000024 94 0.42237798946723565 
313760105000026 347 0.4308340598909746 
313760105000027 582 0.41817441653542353 
313760105000028 317 0.44183296190172283 
313760105000029 191 0.4303425626447345 
313760105000030 231 0.44142452671948607 
313760105000036 251 0.4340650453636256 
313760105000037 418 0.40784634391694324 
313760105000039 701 0.301146143169776 
313760105000040 390 0.2981078206380237 
313760105000043 448 0.4224365128634198 
313760105000045 401 0.43872125965462805 
313760105000048 36 0.4761089452329722 
313760105000050 X 0.6579955391006775 
313760105000058 177 0.4339468770888052 
313760105000064 390 0.4430488180668309 
313760105000066 358 0.44026538904681367 
313760105000067 193 0.4336110078827519 
313760105000068 195 0.44303526475718985 
313760105000069 114 0.43059102963884294 
313760105000071 294 0.4414105597529702 
313760105000072 311 0.42423612544543776 
313760105000074 428 0.42389588316490756 
313760105000075 174 0.412204092900339 
313760105000076 179 0.4071371811736708 
313760105000077 314 0.41180094578133597 
313760105000078 238 0.39509760203162547 
313760105000080 263 0.3933052533449112 
313760105000081 184 0.41888637081164093 
313760105000082 176 0.4127118939387611 
313760105000083 373 0.4159198351932203 
313760105000084 151 0.42340970452442855 
313760105000085 182 0.43618745639160283 
313760105000086 390 0.41571194386599924 
313760105000087 179 0.4264914189301979 
313760105000088 331 0.41957393006849886 
313760105000089 219 0.4020081218817768 
313760105000090 533 0.40248630697187754 
313760105000091 339 0.4050140665238533 
313760105000092 58 0.47557164332343693 
313760105000094 505 0.4063656985005264 
313760105000095 295 0.4352760891717032 
313760105000096 180 0.4195872627007833 
313760105000097 179 0.43425311903181774 
313760105000098 193 0.4525532997702567 
313760105000099 467 0.40166978102810036 
313760105000101 37 0.3996345058003556 
313760105000102 1106 0.41036587046750367 
313760105000103 301 0.4200227404321404 
313760105000105 585 0.39480948510107117 
313760105000106 773 0.4160373153903327 
313760105000108 166 0.439144203779552 
313760105000109 397 0.4183313313100908 
313760105000110 359 0.4414151542517314 
313760105000112 86 0.4457383911012943 
313760105000114 11 0.6579955391006775 
313760105000118 301 0.40745472858665926 
313760105000120 330 0.39219414892897814 
313760105000122 378 0.39767463836164024 
313760105000123 99 0.4467362019835283 
313760105000124 206 0.4237862524591891 
313760105000125 124 0.42456937560356933 
313760105000126 178 0.41050083251374087 
313760105000127 425 0.43483128627646933 
313760105000128 773 0.40670444195522903 
313760105000129 378 0.40389282816158784 
313760105000132 336 0.43400785869108477 
313760105000133 493 0.40480627416668546 
313760105000134 253 0.41963629187630885 
313760105000135 340 0.4356903918316339 
313760105000136 302 0.40615138532199574 
313760105000138 554 0.39291758278937533 
313760105000139 324 0.3885665559526425 
313760105000140 527 0.4247198640482553 
313760105000141 200 0.4236996848478502 
313760105000142 226 0.44951386428933837 
313760105000144 84 0.3556667413998349 
313760105000145 382 0.40155082836538253 
313760105000146 68 0.42558835252489724 
313760105000147 306 0.4222340729369016 
313760105000150 545 0.4280258897613867 
313760105000151 290 0.45335834063992136 
313760105000152 124 0.41712097981818536 
313760105000161 452 0.4061208219006821 
313760105000162 327 0.399602222992587 
313760105000163 322 0.39592675005870637 
313760105000164 490 0.43588948656553994 
313760105000165 265 0.430125493076112 
313760105000166 385 0.42905402364081213 
313760105000167 333 0.4086480811215564 
313760105000168 312 0.42682473977338925 
313760105000169 241 0.4351102936511722 
313760105000170 417 0.40892415756319345 
313760105000171 382 0.4141443766259705 
313760105000172 123 0.42070486967407544 
313760105000173 187 0.4549578411021302 
313760105000174 153 0.4586967663605739 
313760105000175 238 0.42745369728433064 
313760105000176 316 0.451387299413549 
313760105000177 320 0.375668470286957 
313760105000178 361 0.3917492359768617 
313760105000179 231 0.38071941192511916 
313760105000180 373 0.4004742170491331 
313760105000182 507 0.3968335536879825 
313760105000183 614 0.4367554558977865 
313760105000184 404 0.45540817804819156 
313760105000185 388 0.43775372192377265 
313760105000186 252 0.42926335683524375 
313760105000187 428 0.4466385883952726 
313760105000188 359 0.3947589027050026 
313760105000189 218 0.4140519673122107 
313760105000190 293 0.39908346348928764 
313760105000191 360 0.40229481243618387 
313760105000192 92 0.40591126996178295 
313760105000193 438 0.42708953749562384 
313760105000194 8 0.6579955391006775 
313760105000195 79 0.4206045571817837 
313760105000196 131 0.399319277701703 
313760105000198 262 0.47073567647701164 
313760105000199 413 0.42090523581699707 
313760105000200 250 0.4433348936725597 
313760105000201 293 0.4333909242013312 
313760105000202 372 0.4177483826810875 
313760105000203 369 0.4193243011830055 
313760105000204 311 0.41059098081799844 
313760105000205 142 0.41973584718622636 
313760105000206 109 0.4294579655393118 
313760105000207 390 0.4159144065612452 
313760105000208 405 0.42603845296356463 
313760105000209 619 0.39981738758470525 
313760105000210 48 0.4286917081874035 
313760105000211 240 0.44063444144086616 
313760105000212 154 0.4201894797273493 
313760105000213 321 0.3772147515265849 
313760105000214 371 0.4119145295310348 
313760105000215 189 0.4176101443801972 
313760105000216 178 0.4188910708484138 
313760105000217 369 0.41212894471090417 
313760105000218 561 0.39370058503537536 
313760105000219 562 0.40947400263946504 
313760105000220 287 0.41907781280997963 
313760105000221 X 0.6579955391006775 
313760105000222 164 0.4202983088691675 
313760105000223 443 0.39577451107812983 
313760105000224 179 0.40214301283399445 
313760105000225 217 0.4058615008207887 
313760105000226 399 0.40103964687037025 
313760105000227 546 0.28072562444698074 
313760105000228 288 0.40427696220072806 
313760105000229 578 0.40030053592780585 
313760105000230 90 0.4016371810706791 
313760105000231 120 0.425152143170798 
313760105000232 326 0.40993928930157875 
313760105000233 121 0.44101714039990697 
313760105000234 388 0.43389684215457186 
313760105000235 393 0.3979491751222198 
313760105000236 309 0.4203272510535317 
313760105000237 411 0.4039264917234949 
313760105000238 331 0.41531393197375077 
313760105000239 443 0.4070230844659328 
313760105000240 240 0.41112052516894526 
313760105000241 358 0.412489537419551 
313760105000242 282 0.44425285971040096 
313760105000243 366 0.4315381856092851 
313760105000245 111 0.4170681741482866 
313760105000246 174 0.4423720137026448 
313760105000247 148 0.43235846708348624 
313760105000248 320 0.41264665579874704 
313760105000249 177 0.40345659542063866 
313760105000250 152 0.38811603851712795 
313760105000251 165 0.40545543522609384 
313760105000252 348 0.43290602769422926 
313760105000253 330 0.40430218038145616 
313760105000254 206 0.4116914142953265 
313760105000255 302 0.38411479649748387 
313760105000256 133 0.4113806493834103 
313760105000257 184 0.4042136921566445 
313760105000258 303 0.42303902330631904 
313760105000259 423 0.4264731406882628 
313760105000260 227 0.371762112075522 
313760105000261 271 0.3841070840732828 
313760105000262 356 0.3863378980464542 
313760105000263 X 0.6579955391006775 
313760105000264 324 0.40643622056945705 
313760105000265 329 0.4123311028836721 
313760105000266 305 0.26827848656688413 
313760105000267 264 0.39869124485875357 
313760105000268 399 0.3982435210192059 
313760105000269 424 0.41363504544976604 
313760105000270 343 0.3967379479661737 
313760105000271 326 0.41621385577462633 
313760105000272 427 0.40798565494024336 
313760105000273 402 0.4353715462535397 
313760105000274 341 0.40747385674119657 
313760105000275 344 0.3974622099294428 
313760105000276 486 0.4273792772770599 
313760105000277 145 0.39953636458568864 
313760105000278 656 0.40488771068543333 
313760105000279 346 0.41313636879955884 
313760105000280 331 0.4184594940698785 
313760105000281 151 0.2892790510409985 
313760105000282 329 0.41541857231361456 
313760105000283 478 0.42830332499690665 
313760105000284 64 0.4290568943450773 
313760105000285 181 0.4128981411642385 
;

# # Variable cost of PHC j / patient
param:	        ITEM1   SIZE	FC1		VC1:=
313760105000013 1 1 80000 . 
313760105000076 2 1 80000 . 
313760105000102 3 1 80000 . 
313760105000125 4 1 80000 . 
313760105000132 5 1 80000 . 
313760105000135 6 1 80000 . 
313760105000139 7 1 80000 . 
313760105000168 8 1 80000 . 
313760105000186 9 1 80000 . 
313760105000201 10 1 80000 . 
313760105000235 11 1 80000 . 
313760105000239 12 1 80000 . 
313760105000259 13 1 80000 . 
313760105000264 14 1 80000 . 
;

param:	ITEM2   FC2		VC2:=
SHC1	1       200000		10
;

param:	ITEM3   FC3		VC3:=
THC1	1       300000		20
;

# Team cost K1 ($/year)
# 		Folha mensal	Encargos	Insumos	Transporte	Supervisão
# eSF	 R$ 1.455.500.00 	50000	45000	7500	3500	5000
# eSB	 R$ 640.420.00 	22000	19800	3300	1540	2200
# eMulti (1/9)	 R$ 611.595.56 	92000	82800	13800	6440	9200
# Fonte: Planilha APS_dados.xlsx
param CE1:=
eSF 1455500 
eSB 640420 
eMulti 640420 
;

# Team cost K2 ($/year)
param CE2:=
EQ2 0 
;

# Team cost K3 ($/year)
param CE3:=
EQ3 0 
;

param D0_2:=
313760105000002 SHC1 20000 
313760105000003 SHC1 20000 
313760105000005 SHC1 20000 
313760105000007 SHC1 20000 
313760105000008 SHC1 20000 
313760105000009 SHC1 20000 
313760105000010 SHC1 20000 
313760105000011 SHC1 20000 
313760105000012 SHC1 20000 
313760105000013 SHC1 20000 
313760105000015 SHC1 20000 
313760105000016 SHC1 20000 
313760105000020 SHC1 20000 
313760105000021 SHC1 20000 
313760105000022 SHC1 20000 
313760105000024 SHC1 20000 
313760105000026 SHC1 20000 
313760105000027 SHC1 20000 
313760105000028 SHC1 20000 
313760105000029 SHC1 20000 
313760105000030 SHC1 20000 
313760105000036 SHC1 20000 
313760105000037 SHC1 20000 
313760105000039 SHC1 20000 
313760105000040 SHC1 20000 
313760105000043 SHC1 20000 
313760105000045 SHC1 20000 
313760105000048 SHC1 20000 
313760105000050 SHC1 20000 
313760105000058 SHC1 20000 
313760105000064 SHC1 20000 
313760105000066 SHC1 20000 
313760105000067 SHC1 20000 
313760105000068 SHC1 20000 
313760105000069 SHC1 20000 
313760105000071 SHC1 20000 
313760105000072 SHC1 20000 
313760105000074 SHC1 20000 
313760105000075 SHC1 20000 
313760105000076 SHC1 20000 
313760105000077 SHC1 20000 
313760105000078 SHC1 20000 
313760105000080 SHC1 20000 
313760105000081 SHC1 20000 
313760105000082 SHC1 20000 
313760105000083 SHC1 20000 
313760105000084 SHC1 20000 
313760105000085 SHC1 20000 
313760105000086 SHC1 20000 
313760105000087 SHC1 20000 
313760105000088 SHC1 20000 
313760105000089 SHC1 20000 
313760105000090 SHC1 20000 
313760105000091 SHC1 20000 
313760105000092 SHC1 20000 
313760105000094 SHC1 20000 
313760105000095 SHC1 20000 
313760105000096 SHC1 20000 
313760105000097 SHC1 20000 
313760105000098 SHC1 20000 
313760105000099 SHC1 20000 
313760105000101 SHC1 20000 
313760105000102 SHC1 20000 
313760105000103 SHC1 20000 
313760105000105 SHC1 20000 
313760105000106 SHC1 20000 
313760105000108 SHC1 20000 
313760105000109 SHC1 20000 
313760105000110 SHC1 20000 
313760105000112 SHC1 20000 
313760105000114 SHC1 20000 
313760105000118 SHC1 20000 
313760105000120 SHC1 20000 
313760105000122 SHC1 20000 
313760105000123 SHC1 20000 
313760105000124 SHC1 20000 
313760105000125 SHC1 20000 
313760105000126 SHC1 20000 
313760105000127 SHC1 20000 
313760105000128 SHC1 20000 
313760105000129 SHC1 20000 
313760105000132 SHC1 20000 
313760105000133 SHC1 20000 
313760105000134 SHC1 20000 
313760105000135 SHC1 20000 
313760105000136 SHC1 20000 
313760105000138 SHC1 20000 
313760105000139 SHC1 20000 
313760105000140 SHC1 20000 
313760105000141 SHC1 20000 
313760105000142 SHC1 20000 
313760105000144 SHC1 20000 
313760105000145 SHC1 20000 
313760105000146 SHC1 20000 
313760105000147 SHC1 20000 
313760105000150 SHC1 20000 
313760105000151 SHC1 20000 
313760105000152 SHC1 20000 
313760105000161 SHC1 20000 
313760105000162 SHC1 20000 
313760105000163 SHC1 20000 
313760105000164 SHC1 20000 
313760105000165 SHC1 20000 
313760105000166 SHC1 20000 
313760105000167 SHC1 20000 
313760105000168 SHC1 20000 
313760105000169 SHC1 20000 
313760105000170 SHC1 20000 
313760105000171 SHC1 20000 
313760105000172 SHC1 20000 
313760105000173 SHC1 20000 
313760105000174 SHC1 20000 
313760105000175 SHC1 20000 
313760105000176 SHC1 20000 
313760105000177 SHC1 20000 
313760105000178 SHC1 20000 
313760105000179 SHC1 20000 
313760105000180 SHC1 20000 
313760105000182 SHC1 20000 
313760105000183 SHC1 20000 
313760105000184 SHC1 20000 
313760105000185 SHC1 20000 
313760105000186 SHC1 20000 
313760105000187 SHC1 20000 
313760105000188 SHC1 20000 
313760105000189 SHC1 20000 
313760105000190 SHC1 20000 
313760105000191 SHC1 20000 
313760105000192 SHC1 20000 
313760105000193 SHC1 20000 
313760105000194 SHC1 20000 
313760105000195 SHC1 20000 
313760105000196 SHC1 20000 
313760105000198 SHC1 20000 
313760105000199 SHC1 20000 
313760105000200 SHC1 20000 
313760105000201 SHC1 20000 
313760105000202 SHC1 20000 
313760105000203 SHC1 20000 
313760105000204 SHC1 20000 
313760105000205 SHC1 20000 
313760105000206 SHC1 20000 
313760105000207 SHC1 20000 
313760105000208 SHC1 20000 
313760105000209 SHC1 20000 
313760105000210 SHC1 20000 
313760105000211 SHC1 20000 
313760105000212 SHC1 20000 
313760105000213 SHC1 20000 
313760105000214 SHC1 20000 
313760105000215 SHC1 20000 
313760105000216 SHC1 20000 
313760105000217 SHC1 20000 
313760105000218 SHC1 20000 
313760105000219 SHC1 20000 
313760105000220 SHC1 20000 
313760105000221 SHC1 20000 
313760105000222 SHC1 20000 
313760105000223 SHC1 20000 
313760105000224 SHC1 20000 
313760105000225 SHC1 20000 
313760105000226 SHC1 20000 
313760105000227 SHC1 20000 
313760105000228 SHC1 20000 
313760105000229 SHC1 20000 
313760105000230 SHC1 20000 
313760105000231 SHC1 20000 
313760105000232 SHC1 20000 
313760105000233 SHC1 20000 
313760105000234 SHC1 20000 
313760105000235 SHC1 20000 
313760105000236 SHC1 20000 
313760105000237 SHC1 20000 
313760105000238 SHC1 20000 
313760105000239 SHC1 20000 
313760105000240 SHC1 20000 
313760105000241 SHC1 20000 
313760105000242 SHC1 20000 
313760105000243 SHC1 20000 
313760105000245 SHC1 20000 
313760105000246 SHC1 20000 
313760105000247 SHC1 20000 
313760105000248 SHC1 20000 
313760105000249 SHC1 20000 
313760105000250 SHC1 20000 
313760105000251 SHC1 20000 
313760105000252 SHC1 20000 
313760105000253 SHC1 20000 
313760105000254 SHC1 20000 
313760105000255 SHC1 20000 
313760105000256 SHC1 20000 
313760105000257 SHC1 20000 
313760105000258 SHC1 20000 
313760105000259 SHC1 20000 
313760105000260 SHC1 20000 
313760105000261 SHC1 20000 
313760105000262 SHC1 20000 
313760105000263 SHC1 20000 
313760105000264 SHC1 20000 
313760105000265 SHC1 20000 
313760105000266 SHC1 20000 
313760105000267 SHC1 20000 
313760105000268 SHC1 20000 
313760105000269 SHC1 20000 
313760105000270 SHC1 20000 
313760105000271 SHC1 20000 
313760105000272 SHC1 20000 
313760105000273 SHC1 20000 
313760105000274 SHC1 20000 
313760105000275 SHC1 20000 
313760105000276 SHC1 20000 
313760105000277 SHC1 20000 
313760105000278 SHC1 20000 
313760105000279 SHC1 20000 
313760105000280 SHC1 20000 
313760105000281 SHC1 20000 
313760105000282 SHC1 20000 
313760105000283 SHC1 20000 
313760105000284 SHC1 20000 
313760105000285 SHC1 20000 
;

param D0_3:=
313760105000002 THC1 25000 
313760105000003 THC1 25000 
313760105000005 THC1 25000 
313760105000007 THC1 25000 
313760105000008 THC1 25000 
313760105000009 THC1 25000 
313760105000010 THC1 25000 
313760105000011 THC1 25000 
313760105000012 THC1 25000 
313760105000013 THC1 25000 
313760105000015 THC1 25000 
313760105000016 THC1 25000 
313760105000020 THC1 25000 
313760105000021 THC1 25000 
313760105000022 THC1 25000 
313760105000024 THC1 25000 
313760105000026 THC1 25000 
313760105000027 THC1 25000 
313760105000028 THC1 25000 
313760105000029 THC1 25000 
313760105000030 THC1 25000 
313760105000036 THC1 25000 
313760105000037 THC1 25000 
313760105000039 THC1 25000 
313760105000040 THC1 25000 
313760105000043 THC1 25000 
313760105000045 THC1 25000 
313760105000048 THC1 25000 
313760105000050 THC1 25000 
313760105000058 THC1 25000 
313760105000064 THC1 25000 
313760105000066 THC1 25000 
313760105000067 THC1 25000 
313760105000068 THC1 25000 
313760105000069 THC1 25000 
313760105000071 THC1 25000 
313760105000072 THC1 25000 
313760105000074 THC1 25000 
313760105000075 THC1 25000 
313760105000076 THC1 25000 
313760105000077 THC1 25000 
313760105000078 THC1 25000 
313760105000080 THC1 25000 
313760105000081 THC1 25000 
313760105000082 THC1 25000 
313760105000083 THC1 25000 
313760105000084 THC1 25000 
313760105000085 THC1 25000 
313760105000086 THC1 25000 
313760105000087 THC1 25000 
313760105000088 THC1 25000 
313760105000089 THC1 25000 
313760105000090 THC1 25000 
313760105000091 THC1 25000 
313760105000092 THC1 25000 
313760105000094 THC1 25000 
313760105000095 THC1 25000 
313760105000096 THC1 25000 
313760105000097 THC1 25000 
313760105000098 THC1 25000 
313760105000099 THC1 25000 
313760105000101 THC1 25000 
313760105000102 THC1 25000 
313760105000103 THC1 25000 
313760105000105 THC1 25000 
313760105000106 THC1 25000 
313760105000108 THC1 25000 
313760105000109 THC1 25000 
313760105000110 THC1 25000 
313760105000112 THC1 25000 
313760105000114 THC1 25000 
313760105000118 THC1 25000 
313760105000120 THC1 25000 
313760105000122 THC1 25000 
313760105000123 THC1 25000 
313760105000124 THC1 25000 
313760105000125 THC1 25000 
313760105000126 THC1 25000 
313760105000127 THC1 25000 
313760105000128 THC1 25000 
313760105000129 THC1 25000 
313760105000132 THC1 25000 
313760105000133 THC1 25000 
313760105000134 THC1 25000 
313760105000135 THC1 25000 
313760105000136 THC1 25000 
313760105000138 THC1 25000 
313760105000139 THC1 25000 
313760105000140 THC1 25000 
313760105000141 THC1 25000 
313760105000142 THC1 25000 
313760105000144 THC1 25000 
313760105000145 THC1 25000 
313760105000146 THC1 25000 
313760105000147 THC1 25000 
313760105000150 THC1 25000 
313760105000151 THC1 25000 
313760105000152 THC1 25000 
313760105000161 THC1 25000 
313760105000162 THC1 25000 
313760105000163 THC1 25000 
313760105000164 THC1 25000 
313760105000165 THC1 25000 
313760105000166 THC1 25000 
313760105000167 THC1 25000 
313760105000168 THC1 25000 
313760105000169 THC1 25000 
313760105000170 THC1 25000 
313760105000171 THC1 25000 
313760105000172 THC1 25000 
313760105000173 THC1 25000 
313760105000174 THC1 25000 
313760105000175 THC1 25000 
313760105000176 THC1 25000 
313760105000177 THC1 25000 
313760105000178 THC1 25000 
313760105000179 THC1 25000 
313760105000180 THC1 25000 
313760105000182 THC1 25000 
313760105000183 THC1 25000 
313760105000184 THC1 25000 
313760105000185 THC1 25000 
313760105000186 THC1 25000 
313760105000187 THC1 25000 
313760105000188 THC1 25000 
313760105000189 THC1 25000 
313760105000190 THC1 25000 
313760105000191 THC1 25000 
313760105000192 THC1 25000 
313760105000193 THC1 25000 
313760105000194 THC1 25000 
313760105000195 THC1 25000 
313760105000196 THC1 25000 
313760105000198 THC1 25000 
313760105000199 THC1 25000 
313760105000200 THC1 25000 
313760105000201 THC1 25000 
313760105000202 THC1 25000 
313760105000203 THC1 25000 
313760105000204 THC1 25000 
313760105000205 THC1 25000 
313760105000206 THC1 25000 
313760105000207 THC1 25000 
313760105000208 THC1 25000 
313760105000209 THC1 25000 
313760105000210 THC1 25000 
313760105000211 THC1 25000 
313760105000212 THC1 25000 
313760105000213 THC1 25000 
313760105000214 THC1 25000 
313760105000215 THC1 25000 
313760105000216 THC1 25000 
313760105000217 THC1 25000 
313760105000218 THC1 25000 
313760105000219 THC1 25000 
313760105000220 THC1 25000 
313760105000221 THC1 25000 
313760105000222 THC1 25000 
313760105000223 THC1 25000 
313760105000224 THC1 25000 
313760105000225 THC1 25000 
313760105000226 THC1 25000 
313760105000227 THC1 25000 
313760105000228 THC1 25000 
313760105000229 THC1 25000 
313760105000230 THC1 25000 
313760105000231 THC1 25000 
313760105000232 THC1 25000 
313760105000233 THC1 25000 
313760105000234 THC1 25000 
313760105000235 THC1 25000 
313760105000236 THC1 25000 
313760105000237 THC1 25000 
313760105000238 THC1 25000 
313760105000239 THC1 25000 
313760105000240 THC1 25000 
313760105000241 THC1 25000 
313760105000242 THC1 25000 
313760105000243 THC1 25000 
313760105000245 THC1 25000 
313760105000246 THC1 25000 
313760105000247 THC1 25000 
313760105000248 THC1 25000 
313760105000249 THC1 25000 
313760105000250 THC1 25000 
313760105000251 THC1 25000 
313760105000252 THC1 25000 
313760105000253 THC1 25000 
313760105000254 THC1 25000 
313760105000255 THC1 25000 
313760105000256 THC1 25000 
313760105000257 THC1 25000 
313760105000258 THC1 25000 
313760105000259 THC1 25000 
313760105000260 THC1 25000 
313760105000261 THC1 25000 
313760105000262 THC1 25000 
313760105000263 THC1 25000 
313760105000264 THC1 25000 
313760105000265 THC1 25000 
313760105000266 THC1 25000 
313760105000267 THC1 25000 
313760105000268 THC1 25000 
313760105000269 THC1 25000 
313760105000270 THC1 25000 
313760105000271 THC1 25000 
313760105000272 THC1 25000 
313760105000273 THC1 25000 
313760105000274 THC1 25000 
313760105000275 THC1 25000 
313760105000276 THC1 25000 
313760105000277 THC1 25000 
313760105000278 THC1 25000 
313760105000279 THC1 25000 
313760105000280 THC1 25000 
313760105000281 THC1 25000 
313760105000282 THC1 25000 
313760105000283 THC1 25000 
313760105000284 THC1 25000 
313760105000285 THC1 25000 
;

param D1_2:=
313760105000002 SHC1 20000 
313760105000003 SHC1 20000 
313760105000005 SHC1 20000 
313760105000007 SHC1 20000 
313760105000008 SHC1 20000 
313760105000009 SHC1 20000 
313760105000010 SHC1 20000 
313760105000011 SHC1 20000 
313760105000012 SHC1 20000 
313760105000013 SHC1 20000 
313760105000015 SHC1 20000 
313760105000016 SHC1 20000 
313760105000020 SHC1 20000 
313760105000021 SHC1 20000 
313760105000022 SHC1 20000 
313760105000024 SHC1 20000 
313760105000026 SHC1 20000 
313760105000027 SHC1 20000 
313760105000028 SHC1 20000 
313760105000029 SHC1 20000 
313760105000030 SHC1 20000 
313760105000036 SHC1 20000 
313760105000037 SHC1 20000 
313760105000039 SHC1 20000 
313760105000040 SHC1 20000 
313760105000043 SHC1 20000 
313760105000045 SHC1 20000 
313760105000048 SHC1 20000 
313760105000050 SHC1 20000 
313760105000058 SHC1 20000 
313760105000064 SHC1 20000 
313760105000066 SHC1 20000 
313760105000067 SHC1 20000 
313760105000068 SHC1 20000 
313760105000069 SHC1 20000 
313760105000071 SHC1 20000 
313760105000072 SHC1 20000 
313760105000074 SHC1 20000 
313760105000075 SHC1 20000 
313760105000076 SHC1 20000 
313760105000077 SHC1 20000 
313760105000078 SHC1 20000 
313760105000080 SHC1 20000 
313760105000081 SHC1 20000 
313760105000082 SHC1 20000 
313760105000083 SHC1 20000 
313760105000084 SHC1 20000 
313760105000085 SHC1 20000 
313760105000086 SHC1 20000 
313760105000087 SHC1 20000 
313760105000088 SHC1 20000 
313760105000089 SHC1 20000 
313760105000090 SHC1 20000 
313760105000091 SHC1 20000 
313760105000092 SHC1 20000 
313760105000094 SHC1 20000 
313760105000095 SHC1 20000 
313760105000096 SHC1 20000 
313760105000097 SHC1 20000 
313760105000098 SHC1 20000 
313760105000099 SHC1 20000 
313760105000101 SHC1 20000 
313760105000102 SHC1 20000 
313760105000103 SHC1 20000 
313760105000105 SHC1 20000 
313760105000106 SHC1 20000 
313760105000108 SHC1 20000 
313760105000109 SHC1 20000 
313760105000110 SHC1 20000 
313760105000112 SHC1 20000 
313760105000114 SHC1 20000 
313760105000118 SHC1 20000 
313760105000120 SHC1 20000 
313760105000122 SHC1 20000 
313760105000123 SHC1 20000 
313760105000124 SHC1 20000 
313760105000125 SHC1 20000 
313760105000126 SHC1 20000 
313760105000127 SHC1 20000 
313760105000128 SHC1 20000 
313760105000129 SHC1 20000 
313760105000132 SHC1 20000 
313760105000133 SHC1 20000 
313760105000134 SHC1 20000 
313760105000135 SHC1 20000 
313760105000136 SHC1 20000 
313760105000138 SHC1 20000 
313760105000139 SHC1 20000 
313760105000140 SHC1 20000 
313760105000141 SHC1 20000 
313760105000142 SHC1 20000 
313760105000144 SHC1 20000 
313760105000145 SHC1 20000 
313760105000146 SHC1 20000 
313760105000147 SHC1 20000 
313760105000150 SHC1 20000 
313760105000151 SHC1 20000 
313760105000152 SHC1 20000 
313760105000161 SHC1 20000 
313760105000162 SHC1 20000 
313760105000163 SHC1 20000 
313760105000164 SHC1 20000 
313760105000165 SHC1 20000 
313760105000166 SHC1 20000 
313760105000167 SHC1 20000 
313760105000168 SHC1 20000 
313760105000169 SHC1 20000 
313760105000170 SHC1 20000 
313760105000171 SHC1 20000 
313760105000172 SHC1 20000 
313760105000173 SHC1 20000 
313760105000174 SHC1 20000 
313760105000175 SHC1 20000 
313760105000176 SHC1 20000 
313760105000177 SHC1 20000 
313760105000178 SHC1 20000 
313760105000179 SHC1 20000 
313760105000180 SHC1 20000 
313760105000182 SHC1 20000 
313760105000183 SHC1 20000 
313760105000184 SHC1 20000 
313760105000185 SHC1 20000 
313760105000186 SHC1 20000 
313760105000187 SHC1 20000 
313760105000188 SHC1 20000 
313760105000189 SHC1 20000 
313760105000190 SHC1 20000 
313760105000191 SHC1 20000 
313760105000192 SHC1 20000 
313760105000193 SHC1 20000 
313760105000194 SHC1 20000 
313760105000195 SHC1 20000 
313760105000196 SHC1 20000 
313760105000198 SHC1 20000 
313760105000199 SHC1 20000 
313760105000200 SHC1 20000 
313760105000201 SHC1 20000 
313760105000202 SHC1 20000 
313760105000203 SHC1 20000 
313760105000204 SHC1 20000 
313760105000205 SHC1 20000 
313760105000206 SHC1 20000 
313760105000207 SHC1 20000 
313760105000208 SHC1 20000 
313760105000209 SHC1 20000 
313760105000210 SHC1 20000 
313760105000211 SHC1 20000 
313760105000212 SHC1 20000 
313760105000213 SHC1 20000 
313760105000214 SHC1 20000 
313760105000215 SHC1 20000 
313760105000216 SHC1 20000 
313760105000217 SHC1 20000 
313760105000218 SHC1 20000 
313760105000219 SHC1 20000 
313760105000220 SHC1 20000 
313760105000221 SHC1 20000 
313760105000222 SHC1 20000 
313760105000223 SHC1 20000 
313760105000224 SHC1 20000 
313760105000225 SHC1 20000 
313760105000226 SHC1 20000 
313760105000227 SHC1 20000 
313760105000228 SHC1 20000 
313760105000229 SHC1 20000 
313760105000230 SHC1 20000 
313760105000231 SHC1 20000 
313760105000232 SHC1 20000 
313760105000233 SHC1 20000 
313760105000234 SHC1 20000 
313760105000235 SHC1 20000 
313760105000236 SHC1 20000 
313760105000237 SHC1 20000 
313760105000238 SHC1 20000 
313760105000239 SHC1 20000 
313760105000240 SHC1 20000 
313760105000241 SHC1 20000 
313760105000242 SHC1 20000 
313760105000243 SHC1 20000 
313760105000245 SHC1 20000 
313760105000246 SHC1 20000 
313760105000247 SHC1 20000 
313760105000248 SHC1 20000 
313760105000249 SHC1 20000 
313760105000250 SHC1 20000 
313760105000251 SHC1 20000 
313760105000252 SHC1 20000 
313760105000253 SHC1 20000 
313760105000254 SHC1 20000 
313760105000255 SHC1 20000 
313760105000256 SHC1 20000 
313760105000257 SHC1 20000 
313760105000258 SHC1 20000 
313760105000259 SHC1 20000 
313760105000260 SHC1 20000 
313760105000261 SHC1 20000 
313760105000262 SHC1 20000 
313760105000263 SHC1 20000 
313760105000264 SHC1 20000 
313760105000265 SHC1 20000 
313760105000266 SHC1 20000 
313760105000267 SHC1 20000 
313760105000268 SHC1 20000 
313760105000269 SHC1 20000 
313760105000270 SHC1 20000 
313760105000271 SHC1 20000 
313760105000272 SHC1 20000 
313760105000273 SHC1 20000 
313760105000274 SHC1 20000 
313760105000275 SHC1 20000 
313760105000276 SHC1 20000 
313760105000277 SHC1 20000 
313760105000278 SHC1 20000 
313760105000279 SHC1 20000 
313760105000280 SHC1 20000 
313760105000281 SHC1 20000 
313760105000282 SHC1 20000 
313760105000283 SHC1 20000 
313760105000284 SHC1 20000 
313760105000285 SHC1 20000 
3137605402034.0 SHC1 20000 
3137602116553.0 SHC1 20000 
3137605324920.0 SHC1 20000 
3137605324912.0 SHC1 20000 
3137602116588.0 SHC1 20000 
3137605402417.0 SHC1 20000 
3137602117363.0 SHC1 20000 
3137605324904.0 SHC1 20000 
3137602116537.0 SHC1 20000 
3137602116545.0 SHC1 20000 
3137605402425.0 SHC1 20000 
3137602116561.0 SHC1 20000 
3137604334663.0 SHC1 20000 
3137609342923.0 SHC1 20000 
;

param D1_3:=
313760105000002 THC1 25000 
313760105000003 THC1 25000 
313760105000005 THC1 25000 
313760105000007 THC1 25000 
313760105000008 THC1 25000 
313760105000009 THC1 25000 
313760105000010 THC1 25000 
313760105000011 THC1 25000 
313760105000012 THC1 25000 
313760105000013 THC1 25000 
313760105000015 THC1 25000 
313760105000016 THC1 25000 
313760105000020 THC1 25000 
313760105000021 THC1 25000 
313760105000022 THC1 25000 
313760105000024 THC1 25000 
313760105000026 THC1 25000 
313760105000027 THC1 25000 
313760105000028 THC1 25000 
313760105000029 THC1 25000 
313760105000030 THC1 25000 
313760105000036 THC1 25000 
313760105000037 THC1 25000 
313760105000039 THC1 25000 
313760105000040 THC1 25000 
313760105000043 THC1 25000 
313760105000045 THC1 25000 
313760105000048 THC1 25000 
313760105000050 THC1 25000 
313760105000058 THC1 25000 
313760105000064 THC1 25000 
313760105000066 THC1 25000 
313760105000067 THC1 25000 
313760105000068 THC1 25000 
313760105000069 THC1 25000 
313760105000071 THC1 25000 
313760105000072 THC1 25000 
313760105000074 THC1 25000 
313760105000075 THC1 25000 
313760105000076 THC1 25000 
313760105000077 THC1 25000 
313760105000078 THC1 25000 
313760105000080 THC1 25000 
313760105000081 THC1 25000 
313760105000082 THC1 25000 
313760105000083 THC1 25000 
313760105000084 THC1 25000 
313760105000085 THC1 25000 
313760105000086 THC1 25000 
313760105000087 THC1 25000 
313760105000088 THC1 25000 
313760105000089 THC1 25000 
313760105000090 THC1 25000 
313760105000091 THC1 25000 
313760105000092 THC1 25000 
313760105000094 THC1 25000 
313760105000095 THC1 25000 
313760105000096 THC1 25000 
313760105000097 THC1 25000 
313760105000098 THC1 25000 
313760105000099 THC1 25000 
313760105000101 THC1 25000 
313760105000102 THC1 25000 
313760105000103 THC1 25000 
313760105000105 THC1 25000 
313760105000106 THC1 25000 
313760105000108 THC1 25000 
313760105000109 THC1 25000 
313760105000110 THC1 25000 
313760105000112 THC1 25000 
313760105000114 THC1 25000 
313760105000118 THC1 25000 
313760105000120 THC1 25000 
313760105000122 THC1 25000 
313760105000123 THC1 25000 
313760105000124 THC1 25000 
313760105000125 THC1 25000 
313760105000126 THC1 25000 
313760105000127 THC1 25000 
313760105000128 THC1 25000 
313760105000129 THC1 25000 
313760105000132 THC1 25000 
313760105000133 THC1 25000 
313760105000134 THC1 25000 
313760105000135 THC1 25000 
313760105000136 THC1 25000 
313760105000138 THC1 25000 
313760105000139 THC1 25000 
313760105000140 THC1 25000 
313760105000141 THC1 25000 
313760105000142 THC1 25000 
313760105000144 THC1 25000 
313760105000145 THC1 25000 
313760105000146 THC1 25000 
313760105000147 THC1 25000 
313760105000150 THC1 25000 
313760105000151 THC1 25000 
313760105000152 THC1 25000 
313760105000161 THC1 25000 
313760105000162 THC1 25000 
313760105000163 THC1 25000 
313760105000164 THC1 25000 
313760105000165 THC1 25000 
313760105000166 THC1 25000 
313760105000167 THC1 25000 
313760105000168 THC1 25000 
313760105000169 THC1 25000 
313760105000170 THC1 25000 
313760105000171 THC1 25000 
313760105000172 THC1 25000 
313760105000173 THC1 25000 
313760105000174 THC1 25000 
313760105000175 THC1 25000 
313760105000176 THC1 25000 
313760105000177 THC1 25000 
313760105000178 THC1 25000 
313760105000179 THC1 25000 
313760105000180 THC1 25000 
313760105000182 THC1 25000 
313760105000183 THC1 25000 
313760105000184 THC1 25000 
313760105000185 THC1 25000 
313760105000186 THC1 25000 
313760105000187 THC1 25000 
313760105000188 THC1 25000 
313760105000189 THC1 25000 
313760105000190 THC1 25000 
313760105000191 THC1 25000 
313760105000192 THC1 25000 
313760105000193 THC1 25000 
313760105000194 THC1 25000 
313760105000195 THC1 25000 
313760105000196 THC1 25000 
313760105000198 THC1 25000 
313760105000199 THC1 25000 
313760105000200 THC1 25000 
313760105000201 THC1 25000 
313760105000202 THC1 25000 
313760105000203 THC1 25000 
313760105000204 THC1 25000 
313760105000205 THC1 25000 
313760105000206 THC1 25000 
313760105000207 THC1 25000 
313760105000208 THC1 25000 
313760105000209 THC1 25000 
313760105000210 THC1 25000 
313760105000211 THC1 25000 
313760105000212 THC1 25000 
313760105000213 THC1 25000 
313760105000214 THC1 25000 
313760105000215 THC1 25000 
313760105000216 THC1 25000 
313760105000217 THC1 25000 
313760105000218 THC1 25000 
313760105000219 THC1 25000 
313760105000220 THC1 25000 
313760105000221 THC1 25000 
313760105000222 THC1 25000 
313760105000223 THC1 25000 
313760105000224 THC1 25000 
313760105000225 THC1 25000 
313760105000226 THC1 25000 
313760105000227 THC1 25000 
313760105000228 THC1 25000 
313760105000229 THC1 25000 
313760105000230 THC1 25000 
313760105000231 THC1 25000 
313760105000232 THC1 25000 
313760105000233 THC1 25000 
313760105000234 THC1 25000 
313760105000235 THC1 25000 
313760105000236 THC1 25000 
313760105000237 THC1 25000 
313760105000238 THC1 25000 
313760105000239 THC1 25000 
313760105000240 THC1 25000 
313760105000241 THC1 25000 
313760105000242 THC1 25000 
313760105000243 THC1 25000 
313760105000245 THC1 25000 
313760105000246 THC1 25000 
313760105000247 THC1 25000 
313760105000248 THC1 25000 
313760105000249 THC1 25000 
313760105000250 THC1 25000 
313760105000251 THC1 25000 
313760105000252 THC1 25000 
313760105000253 THC1 25000 
313760105000254 THC1 25000 
313760105000255 THC1 25000 
313760105000256 THC1 25000 
313760105000257 THC1 25000 
313760105000258 THC1 25000 
313760105000259 THC1 25000 
313760105000260 THC1 25000 
313760105000261 THC1 25000 
313760105000262 THC1 25000 
313760105000263 THC1 25000 
313760105000264 THC1 25000 
313760105000265 THC1 25000 
313760105000266 THC1 25000 
313760105000267 THC1 25000 
313760105000268 THC1 25000 
313760105000269 THC1 25000 
313760105000270 THC1 25000 
313760105000271 THC1 25000 
313760105000272 THC1 25000 
313760105000273 THC1 25000 
313760105000274 THC1 25000 
313760105000275 THC1 25000 
313760105000276 THC1 25000 
313760105000277 THC1 25000 
313760105000278 THC1 25000 
313760105000279 THC1 25000 
313760105000280 THC1 25000 
313760105000281 THC1 25000 
313760105000282 THC1 25000 
313760105000283 THC1 25000 
313760105000284 THC1 25000 
313760105000285 THC1 25000 
3137605402034.0 THC1 25000 
3137602116553.0 THC1 25000 
3137605324920.0 THC1 25000 
3137605324912.0 THC1 25000 
3137602116588.0 THC1 25000 
3137605402417.0 THC1 25000 
3137602117363.0 THC1 25000 
3137605324904.0 THC1 25000 
3137602116537.0 THC1 25000 
3137602116545.0 THC1 25000 
3137605402425.0 THC1 25000 
3137602116561.0 THC1 25000 
3137604334663.0 THC1 25000 
3137609342923.0 THC1 25000 
;

param D2_3:=
SHC1	THC1	20000;
param CNES1(tr):	eSF	eSB	eMulti:=
3137605402034.0 1.0 0.0 0.0 
3137602116553.0 1.0 1.0 0.0 
3137605324920.0 2.0 1.0 0.0 
3137605324912.0 1.0 1.0 0.0 
3137602116588.0 1.0 1.0 1.0 
3137605402417.0 2.0 1.0 0.0 
3137602117363.0 2.0 2.0 0.0 
3137605324904.0 1.0 1.0 0.0 
3137602116537.0 1.0 1.0 0.0 
3137602116545.0 1.0 1.0 0.0 
3137605402425.0 1.0 1.0 0.0 
3137602116561.0 2.0 2.0 0.0 
3137604334663.0 1.0 0.0 0.0 
3137609342923.0 1.0 0.0 0.0 
;

param CNES2: SHC1:=
EQ2	10
;

param CNES3: THC1:=
EQ3	10
;

param C2:=
SHC1	40000
;

param C3:=:=
THC1	40000
;

param U:=
1 10 
2 1 
3 1 
;

param:	 O1_0    O1_2    O1_3:=
313760105000002 0.71 0.2 0.05 
313760105000003 0.71 0.2 0.05 
313760105000005 0.71 0.2 0.05 
313760105000007 0.71 0.2 0.05 
313760105000008 0.71 0.2 0.05 
313760105000009 0.71 0.2 0.05 
313760105000010 0.71 0.2 0.05 
313760105000011 0.71 0.2 0.05 
313760105000012 0.71 0.2 0.05 
313760105000013 0.71 0.2 0.05 
313760105000015 0.71 0.2 0.05 
313760105000016 0.71 0.2 0.05 
313760105000020 0.71 0.2 0.05 
313760105000021 0.71 0.2 0.05 
313760105000022 0.71 0.2 0.05 
313760105000024 0.71 0.2 0.05 
313760105000026 0.71 0.2 0.05 
313760105000027 0.71 0.2 0.05 
313760105000028 0.71 0.2 0.05 
313760105000029 0.71 0.2 0.05 
313760105000030 0.71 0.2 0.05 
313760105000036 0.71 0.2 0.05 
313760105000037 0.71 0.2 0.05 
313760105000039 0.71 0.2 0.05 
313760105000040 0.71 0.2 0.05 
313760105000043 0.71 0.2 0.05 
313760105000045 0.71 0.2 0.05 
313760105000048 0.71 0.2 0.05 
313760105000050 0.71 0.2 0.05 
313760105000058 0.71 0.2 0.05 
313760105000064 0.71 0.2 0.05 
313760105000066 0.71 0.2 0.05 
313760105000067 0.71 0.2 0.05 
313760105000068 0.71 0.2 0.05 
313760105000069 0.71 0.2 0.05 
313760105000071 0.71 0.2 0.05 
313760105000072 0.71 0.2 0.05 
313760105000074 0.71 0.2 0.05 
313760105000075 0.71 0.2 0.05 
313760105000076 0.71 0.2 0.05 
313760105000077 0.71 0.2 0.05 
313760105000078 0.71 0.2 0.05 
313760105000080 0.71 0.2 0.05 
313760105000081 0.71 0.2 0.05 
313760105000082 0.71 0.2 0.05 
313760105000083 0.71 0.2 0.05 
313760105000084 0.71 0.2 0.05 
313760105000085 0.71 0.2 0.05 
313760105000086 0.71 0.2 0.05 
313760105000087 0.71 0.2 0.05 
313760105000088 0.71 0.2 0.05 
313760105000089 0.71 0.2 0.05 
313760105000090 0.71 0.2 0.05 
313760105000091 0.71 0.2 0.05 
313760105000092 0.71 0.2 0.05 
313760105000094 0.71 0.2 0.05 
313760105000095 0.71 0.2 0.05 
313760105000096 0.71 0.2 0.05 
313760105000097 0.71 0.2 0.05 
313760105000098 0.71 0.2 0.05 
313760105000099 0.71 0.2 0.05 
313760105000101 0.71 0.2 0.05 
313760105000102 0.71 0.2 0.05 
313760105000103 0.71 0.2 0.05 
313760105000105 0.71 0.2 0.05 
313760105000106 0.71 0.2 0.05 
313760105000108 0.71 0.2 0.05 
313760105000109 0.71 0.2 0.05 
313760105000110 0.71 0.2 0.05 
313760105000112 0.71 0.2 0.05 
313760105000114 0.71 0.2 0.05 
313760105000118 0.71 0.2 0.05 
313760105000120 0.71 0.2 0.05 
313760105000122 0.71 0.2 0.05 
313760105000123 0.71 0.2 0.05 
313760105000124 0.71 0.2 0.05 
313760105000125 0.71 0.2 0.05 
313760105000126 0.71 0.2 0.05 
313760105000127 0.71 0.2 0.05 
313760105000128 0.71 0.2 0.05 
313760105000129 0.71 0.2 0.05 
313760105000132 0.71 0.2 0.05 
313760105000133 0.71 0.2 0.05 
313760105000134 0.71 0.2 0.05 
313760105000135 0.71 0.2 0.05 
313760105000136 0.71 0.2 0.05 
313760105000138 0.71 0.2 0.05 
313760105000139 0.71 0.2 0.05 
313760105000140 0.71 0.2 0.05 
313760105000141 0.71 0.2 0.05 
313760105000142 0.71 0.2 0.05 
313760105000144 0.71 0.2 0.05 
313760105000145 0.71 0.2 0.05 
313760105000146 0.71 0.2 0.05 
313760105000147 0.71 0.2 0.05 
313760105000150 0.71 0.2 0.05 
313760105000151 0.71 0.2 0.05 
313760105000152 0.71 0.2 0.05 
313760105000161 0.71 0.2 0.05 
313760105000162 0.71 0.2 0.05 
313760105000163 0.71 0.2 0.05 
313760105000164 0.71 0.2 0.05 
313760105000165 0.71 0.2 0.05 
313760105000166 0.71 0.2 0.05 
313760105000167 0.71 0.2 0.05 
313760105000168 0.71 0.2 0.05 
313760105000169 0.71 0.2 0.05 
313760105000170 0.71 0.2 0.05 
313760105000171 0.71 0.2 0.05 
313760105000172 0.71 0.2 0.05 
313760105000173 0.71 0.2 0.05 
313760105000174 0.71 0.2 0.05 
313760105000175 0.71 0.2 0.05 
313760105000176 0.71 0.2 0.05 
313760105000177 0.71 0.2 0.05 
313760105000178 0.71 0.2 0.05 
313760105000179 0.71 0.2 0.05 
313760105000180 0.71 0.2 0.05 
313760105000182 0.71 0.2 0.05 
313760105000183 0.71 0.2 0.05 
313760105000184 0.71 0.2 0.05 
313760105000185 0.71 0.2 0.05 
313760105000186 0.71 0.2 0.05 
313760105000187 0.71 0.2 0.05 
313760105000188 0.71 0.2 0.05 
313760105000189 0.71 0.2 0.05 
313760105000190 0.71 0.2 0.05 
313760105000191 0.71 0.2 0.05 
313760105000192 0.71 0.2 0.05 
313760105000193 0.71 0.2 0.05 
313760105000194 0.71 0.2 0.05 
313760105000195 0.71 0.2 0.05 
313760105000196 0.71 0.2 0.05 
313760105000198 0.71 0.2 0.05 
313760105000199 0.71 0.2 0.05 
313760105000200 0.71 0.2 0.05 
313760105000201 0.71 0.2 0.05 
313760105000202 0.71 0.2 0.05 
313760105000203 0.71 0.2 0.05 
313760105000204 0.71 0.2 0.05 
313760105000205 0.71 0.2 0.05 
313760105000206 0.71 0.2 0.05 
313760105000207 0.71 0.2 0.05 
313760105000208 0.71 0.2 0.05 
313760105000209 0.71 0.2 0.05 
313760105000210 0.71 0.2 0.05 
313760105000211 0.71 0.2 0.05 
313760105000212 0.71 0.2 0.05 
313760105000213 0.71 0.2 0.05 
313760105000214 0.71 0.2 0.05 
313760105000215 0.71 0.2 0.05 
313760105000216 0.71 0.2 0.05 
313760105000217 0.71 0.2 0.05 
313760105000218 0.71 0.2 0.05 
313760105000219 0.71 0.2 0.05 
313760105000220 0.71 0.2 0.05 
313760105000221 0.71 0.2 0.05 
313760105000222 0.71 0.2 0.05 
313760105000223 0.71 0.2 0.05 
313760105000224 0.71 0.2 0.05 
313760105000225 0.71 0.2 0.05 
313760105000226 0.71 0.2 0.05 
313760105000227 0.71 0.2 0.05 
313760105000228 0.71 0.2 0.05 
313760105000229 0.71 0.2 0.05 
313760105000230 0.71 0.2 0.05 
313760105000231 0.71 0.2 0.05 
313760105000232 0.71 0.2 0.05 
313760105000233 0.71 0.2 0.05 
313760105000234 0.71 0.2 0.05 
313760105000235 0.71 0.2 0.05 
313760105000236 0.71 0.2 0.05 
313760105000237 0.71 0.2 0.05 
313760105000238 0.71 0.2 0.05 
313760105000239 0.71 0.2 0.05 
313760105000240 0.71 0.2 0.05 
313760105000241 0.71 0.2 0.05 
313760105000242 0.71 0.2 0.05 
313760105000243 0.71 0.2 0.05 
313760105000245 0.71 0.2 0.05 
313760105000246 0.71 0.2 0.05 
313760105000247 0.71 0.2 0.05 
313760105000248 0.71 0.2 0.05 
313760105000249 0.71 0.2 0.05 
313760105000250 0.71 0.2 0.05 
313760105000251 0.71 0.2 0.05 
313760105000252 0.71 0.2 0.05 
313760105000253 0.71 0.2 0.05 
313760105000254 0.71 0.2 0.05 
313760105000255 0.71 0.2 0.05 
313760105000256 0.71 0.2 0.05 
313760105000257 0.71 0.2 0.05 
313760105000258 0.71 0.2 0.05 
313760105000259 0.71 0.2 0.05 
313760105000260 0.71 0.2 0.05 
313760105000261 0.71 0.2 0.05 
313760105000262 0.71 0.2 0.05 
313760105000263 0.71 0.2 0.05 
313760105000264 0.71 0.2 0.05 
313760105000265 0.71 0.2 0.05 
313760105000266 0.71 0.2 0.05 
313760105000267 0.71 0.2 0.05 
313760105000268 0.71 0.2 0.05 
313760105000269 0.71 0.2 0.05 
313760105000270 0.71 0.2 0.05 
313760105000271 0.71 0.2 0.05 
313760105000272 0.71 0.2 0.05 
313760105000273 0.71 0.2 0.05 
313760105000274 0.71 0.2 0.05 
313760105000275 0.71 0.2 0.05 
313760105000276 0.71 0.2 0.05 
313760105000277 0.71 0.2 0.05 
313760105000278 0.71 0.2 0.05 
313760105000279 0.71 0.2 0.05 
313760105000280 0.71 0.2 0.05 
313760105000281 0.71 0.2 0.05 
313760105000282 0.71 0.2 0.05 
313760105000283 0.71 0.2 0.05 
313760105000284 0.71 0.2 0.05 
313760105000285 0.71 0.2 0.05 
;

param:	O2_0   O2_1   O2_3 :=
SHC1 0.65 0.2 0.1 
;

param:	O3_0   O3_1   O3_2 :=
THC1 0.8 0.1 0.05 
;

param MAX_TELE_PHC := 0.05;
param MAX_TELE_SHC := 0.05;
param MAX_TELE_THC := 0.05;
param MAX_HOME_PHC := 1;
param MAX_HOME_SHC := 0.15;
param MAX_HOME_THC := 0.05;
end;
